1 528
2 2099
3 1639
4 1370
5 2864
6 1053
7 1670
8 2870
9 1981
10 2229
11 1447
12 2481
13 3475
14 3600
15 836
16 2454
17 184
18 760
19 1024
20 2290
21 1418
22 990
23 2827
24 3197
25 3691
26 56
27 673
28 1460
29 3703
30 4129
31 3034
32 1741
33 3762
34 3933
35 2631
36 1944
37 1340
38 2818
39 4907
40 1982
41 4566
42 636
43 4155
44 1932
45 2724
46 313
47 1351
48 3760
49 2107
50 2807
51 2946
52 1046
53 4013
54 491
55 3776
56 2891
57 3623
58 3952
59 4974
60 1051
61 2489
62 744
63 2428
64 4698
65 470
66 52
67 303
68 967
69 3813
70 3703
71 2131
72 1063
73 2091
74 2488
75 158
76 4389
77 1010
78 621
79 2500
80 828
81 254
82 3561
83 703
84 1236
85 3105
86 1445
87 3775
88 2265
89 4090
90 3980
91 2483
92 1290
93 804
94 850
95 2541
96 3379
97 3697
98 3302
99 3756
100 2319
101 698
102 1745
103 4166
104 2226
105 4646
106 2481
107 4529
108 4777
109 4169
110 4196
111 1444
112 4695
113 232
114 2219
115 1903
116 4002
117 923
118 1188
119 2365
120 2888
121 4785
122 4230
123 3517
124 576
125 2575
126 669
127 4919
128 4322
129 1909
130 1298
131 1455
132 220
133 4746
134 1939
135 1155
136 4660
137 3197
138 4641
139 105
140 1857
141 1524
142 2533
143 1822
144 1799
145 3912
146 4735
147 4512
148 6
149 2
150 1547
151 367
152 4682
153 4233
154 1009
155 1145
156 1170
157 3011
158 882
159 709
160 822
161 3465
162 2680
163 3465
164 3231
165 2547
166 3835
167 1991
168 2286
169 1491
170 4574
171 3872
172 2182
173 1298
174 411
175 3328
176 4919
177 962
178 2350
179 1120
180 638
181 2160
182 4877
183 2096
184 659
185 2316
186 1176
187 411
188 2430
189 2135
190 654
191 135
192 448
193 4175
194 1237
195 4748
196 843
197 2984
198 3846
199 3454
200 3726
201 3962
202 279
203 4444
204 4180
205 2135
206 3360
207 4826
208 4821
209 4039
210 3505
211 1364
212 423
213 4978
214 812
215 2158
216 3382
217 1416
218 2815
219 4864
220 2786
221 1652
222 1333
223 1669
224 2660
225 1087
226 731
227 4563
228 3312
229 3708
230 2482
231 2997
232 252
233 4662
234 3166
235 3648
236 1189
237 3954
238 3223
239 2392
240 2247
241 3973
242 3135
243 91
244 4360
245 4736
246 3930
247 541
248 591
249 1943
250 2377
251 1196
252 3225
253 602
254 3831
255 2848
256 4287
257 4116
258 1609
259 4402
260 1796
261 3995
262 2843
263 4093
264 3576
265 1230
266 4216
267 3333
268 1720
269 1375
270 3237
271 2479
272 2514
273 1454
274 3109
275 2984
276 41
277 3900
278 4864
279 3106
280 1573
281 2354
282 2984
283 3749
284 4717
285 2806
286 606
287 3114
288 4966
289 1069
290 4592
291 1620
292 3683
293 2189
294 3522
295 671
296 1738
297 503
298 1915
299 1110
300 4367
301 4198
302 666
303 3359
304 3323
305 4684
306 2765
307 4807
308 2511
309 989
310 3595
311 2244
312 1821
313 1777
314 2777
315 193
316 3914
317 3321
318 3813
319 4482
320 4887
321 1857
322 2526
323 3349
324 701
325 3600
326 2640
327 2504
328 1080
329 1572
330 661
331 4626
332 1576
333 3594
334 1260
335 4361
336 465
337 278
338 1732
339 2801
340 1752
341 983
342 1190
343 3707
344 1871
345 1048
346 4922
347 3415
348 1385
349 2690
350 2545
351 3840
352 3812
353 1796
354 1502
355 2820
356 669
357 2133
358 4764
359 4699
360 1718
361 1252
362 4041
363 4582
364 598
365 4251
366 4173
367 110
368 918
369 3220
370 4560
371 4591
372 2931
373 93
374 668
375 4777
376 4193
377 4136
378 326
379 4811
380 2454
381 1180
382 4428
383 4065
384 2838
385 4798
386 3944
387 344
388 2458
389 3265
390 3772
391 4568
392 761
393 1955
394 4971
395 3067
396 3888
397 3281
398 3314
399 1560
400 443
Transfer 341 224 309
Transfer 241 328 947
Transfer 2 180 2407
Transfer 86 319 1635
Transfer 323 334 2358
Transfer 263 379 600
Transfer 367 379 916
Transfer 1 130 2106
Transfer 146 150 239
Transfer 281 115 1441
Transfer 246 315 458
Transfer 368 362 1618
Transfer 137 102 1163
Transfer 275 52 2407
Transfer 51 133 290
Transfer 333 189 1685
Transfer 331 199 816
Transfer 104 207 2149
Transfer 278 190 1963
Transfer 148 85 1496
Transfer 58 167 256
Transfer 283 392 208
Transfer 296 25 2177
Transfer 217 334 2220
Transfer 141 36 1501
Transfer 52 55 112
Transfer 290 341 1196
Transfer 388 252 794
Transfer 319 266 1233
Transfer 378 70 2313
Transfer 352 213 1370
Transfer 154 388 1806
Transfer 253 12 716
Transfer 330 297 729
Transfer 381 394 790
Transfer 245 302 1097
Transfer 187 159 1312
Transfer 62 279 1408
Transfer 220 229 583
Transfer 140 258 1113
Transfer 222 259 2117
Transfer 217 39 1695
Transfer 23 360 2013
Transfer 110 322 1114
Transfer 395 273 733
Transfer 341 64 927
Transfer 385 360 1399
Transfer 147 276 156
Transfer 135 181 1161
Transfer 295 83 731
Transfer 159 265 1708
Transfer 51 139 568
Transfer 396 197 107
Transfer 337 249 69
Transfer 355 353 874
Transfer 30 33 2102
Transfer 108 223 1616
Transfer 139 270 294
Transfer 369 76 692
Transfer 252 79 333
Transfer 278 10 2447
Transfer 255 22 1157
Transfer 279 210 1938
Transfer 363 67 1657
Transfer 61 196 485
Transfer 341 286 1569
Transfer 197 142 27
Transfer 25 122 1795
Transfer 157 75 1489
Transfer 269 354 2034
Transfer 283 230 1521
Transfer 376 372 2459
Transfer 239 232 1028
Transfer 339 350 311
Transfer 8 370 1225
Transfer 365 40 2249
Transfer 393 23 783
Transfer 74 17 21
Transfer 138 177 377
Transfer 37 123 389
Transfer 310 116 2309
Transfer 187 143 141
Transfer 169 301 1673
Transfer 218 149 643
Transfer 142 209 116
Transfer 322 38 1877
Transfer 270 386 462
Transfer 92 319 1083
Transfer 54 116 1715
Transfer 341 275 1616
Transfer 3 58 2015
Transfer 69 205 601
Transfer 382 247 529
Transfer 296 12 2330
Transfer 137 53 2344
Transfer 374 189 392
Transfer 247 118 936
Transfer 196 86 1710
Transfer 274 283 1796
Transfer 310 200 467
Transfer 13 5 2115
Transfer 42 335 50
Transfer 81 329 2064
Transfer 25 45 12
Transfer 217 315 51
Transfer 395 278 1670
Transfer 150 129 551
Transfer 285 64 624
Transfer 240 395 1446
Transfer 313 275 1548
Transfer 181 259 2261
Transfer 341 56 2087
Transfer 69 161 871
Transfer 77 379 1319
Transfer 217 276 2097
Transfer 257 258 1033
Transfer 15 388 1237
Transfer 170 393 2225
Transfer 178 168 80
Transfer 220 21 277
Transfer 37 199 2084
Transfer 3 93 2144
Transfer 126 154 2208
Transfer 210 70 552
Transfer 400 194 1748
Transfer 380 176 380
Transfer 387 279 1708
Transfer 302 50 1658
Transfer 239 40 1488
Transfer 269 358 329
Transfer 69 216 565
Transfer 120 276 836
Transfer 296 352 1189
Transfer 273 400 263
Transfer 229 51 63
Transfer 121 217 1865
Transfer 229 117 995
Transfer 29 158 1288
Transfer 299 223 973
Transfer 356 113 165
Transfer 114 322 2395
Transfer 33 276 1404
Transfer 137 105 1814
Transfer 169 111 1000
Transfer 81 156 1787
Transfer 378 81 2273
Transfer 328 23 1802
Transfer 116 86 2168
Transfer 134 224 654
Transfer 256 273 724
Transfer 312 2 2099
Transfer 344 133 1020
Transfer 50 130 1255
Transfer 56 331 2373
Transfer 303 342 374
Transfer 153 358 1413
Transfer 43 22 538
Transfer 272 125 2364
Transfer 158 205 182
Transfer 263 22 870
Transfer 145 111 1048
Transfer 84 240 1570
Transfer 97 117 915
Transfer 183 25 943
Transfer 375 301 348
Transfer 21 215 1674
Transfer 191 116 1038
Transfer 34 209 1596
Transfer 20 299 1229
Transfer 204 389 1591
Transfer 106 293 489
Transfer 33 117 1785
Transfer 125 232 359
Transfer 397 221 1123
Transfer 331 35 665
Transfer 71 368 165
Transfer 348 161 1136
Transfer 184 245 1472
Transfer 118 308 2032
Transfer 106 330 1262
Transfer 252 221 670
Transfer 271 263 32
Transfer 180 60 1173
Transfer 309 179 1180
Transfer 81 157 930
Transfer 246 25 1919
Transfer 119 10 393
Transfer 109 327 66
Transfer 298 273 1009
Transfer 29 93 1495
Transfer 161 164 402
Transfer 284 346 1996
Transfer 55 80 1268
Transfer 144 344 1941
Transfer 214 291 1868
Transfer 117 129 693
Transfer 48 283 188
Transfer 245 117 1167
Transfer 347 177 516
Transfer 136 86 196
Transfer 296 102 2162
Transfer 91 306 595
Transfer 10 180 1819
Transfer 92 130 696
Transfer 400 91 2282
Transfer 123 335 428
Transfer 371 120 432
Transfer 105 109 2274
Transfer 224 222 757
Transfer 330 34 1111
Transfer 147 287 1176
Transfer 79 385 940
Transfer 64 102 678
Transfer 375 71 790
Transfer 387 306 1648
Transfer 68 237 1608
Transfer 386 193 2109
Transfer 269 201 247
Transfer 15 55 853
Transfer 159 124 667
Transfer 273 380 1855
Transfer 93 189 981
Transfer 243 279 2130
Transfer 334 170 1254
Transfer 207 71 1738
Transfer 189 114 977
Transfer 394 91 2162
Transfer 66 388 910
Transfer 22 175 1819
Transfer 186 338 954
Transfer 252 72 1373
Transfer 70 72 1970
Transfer 128 237 1831
Transfer 56 333 69
Transfer 332 175 161
Transfer 48 362 741
Transfer 365 312 434
Transfer 187 338 683
Transfer 121 111 2351
Transfer 120 316 2111
Transfer 145 229 1401
Transfer 80 98 2499
Transfer 378 158 1287
Transfer 314 374 1140
Transfer 204 366 2087
Transfer 268 177 359
Transfer 159 55 1736
Transfer 374 252 1643
Transfer 150 154 1755
Transfer 171 193 391
Transfer 316 187 2404
Transfer 188 14 1360
Transfer 119 225 1399
Transfer 245 294 1045
Transfer 162 4 1560
Transfer 92 67 2360
Transfer 202 271 806
Transfer 78 233 727
Transfer 252 97 1236
Transfer 351 205 2082
Transfer 85 9 2458
Transfer 321 59 1492
Transfer 249 225 1062
Transfer 150 170 1190
Transfer 319 30 933
Transfer 175 208 2326
Transfer 216 289 946
Transfer 145 339 1735
Transfer 247 217 481
Transfer 72 49 2475
Transfer 292 265 770
Transfer 359 104 996
Transfer 188 64 46
Transfer 29 395 2173
Transfer 174 308 859
Transfer 190 222 2454
Transfer 155 285 1397
Transfer 63 32 2207
Transfer 315 349 982
Transfer 209 291 773
Transfer 346 165 184
Transfer 248 347 1293
Transfer 162 240 394
Transfer 186 389 1096
Transfer 322 174 2050
Transfer 276 285 386
Transfer 342 372 2253
Transfer 206 77 1801
Transfer 172 12 1362
Transfer 151 308 644
Transfer 137 202 1503
Transfer 338 209 2293
Transfer 140 259 1612
Transfer 354 62 234
Transfer 49 113 101
Transfer 127 96 1996
Transfer 178 114 1881
Transfer 360 142 842
Transfer 49 390 1288
Transfer 254 278 923
Transfer 87 351 869
Transfer 171 52 938
Transfer 339 396 1893
Transfer 59 75 2043
Transfer 128 399 2238
Transfer 369 37 1215
Transfer 394 274 1814
Transfer 372 257 900
Transfer 98 157 1660
Transfer 353 201 1915
Transfer 397 261 2174
Transfer 49 151 1564
Transfer 58 296 2378
Transfer 369 310 2122
Transfer 232 50 3
Transfer 206 105 1565
Transfer 95 47 224
Transfer 146 270 1553
Transfer 132 159 1911
Transfer 93 229 598
Transfer 36 264 2010
Transfer 104 81 411
Transfer 7 92 937
Transfer 327 303 1654
Transfer 378 319 959
Transfer 180 105 124
Transfer 207 343 2250
Transfer 320 318 2048
Transfer 383 52 1955
Transfer 344 307 349
Transfer 171 350 2229
Transfer 283 139 2118
Transfer 383 115 1999
Transfer 139 6 284
Transfer 13 384 1159
Transfer 311 47 1819
Transfer 190 236 607
Transfer 223 152 1592
Transfer 77 21 1922
Transfer 157 189 994
Transfer 126 239 1003
Transfer 389 230 1170
Transfer 200 65 2363
Transfer 308 153 2018
Transfer 191 257 1021
Transfer 186 54 1077
Transfer 294 206 2204
Transfer 105 373 1660
Transfer 67 6 2099
Transfer 283 227 1858
Transfer 252 71 277
Transfer 339 213 2180
Transfer 320 2 2421
Transfer 187 186 1539
Transfer 196 289 2081
Transfer 227 199 1457
Transfer 317 108 103
Transfer 46 333 1009
Transfer 383 22 2018
Transfer 307 154 686
Transfer 27 53 1782
Transfer 381 106 499
Transfer 259 65 1600
Transfer 283 313 1982
Transfer 238 268 1253
Transfer 150 268 1399
Transfer 3 177 878
Transfer 301 380 578
Transfer 81 118 1445
Transfer 385 300 2004
Transfer 193 218 707
Transfer 99 312 1787
Transfer 318 39 2157
Transfer 336 67 399
Transfer 325 89 655
Transfer 328 193 1913
Transfer 139 120 943
Transfer 341 6 1180
Transfer 364 182 2400
Transfer 302 139 1863
Transfer 72 303 145
Transfer 129 97 2289
Transfer 84 161 1363
Transfer 213 292 2360
Transfer 184 298 1871
Transfer 169 98 1049
Transfer 84 217 2031
Transfer 100 313 154
Transfer 277 328 1133
Transfer 295 35 2070
Transfer 351 286 1098
Transfer 130 210 1202
Transfer 163 296 450
Transfer 302 90 680
Transfer 160 255 2425
Transfer 125 22 1848
Transfer 174 325 592
Transfer 397 334 344
Transfer 349 40 533
Transfer 367 396 1976
Transfer 331 14 2113
Transfer 228 284 1921
Transfer 234 44 1172
Transfer 366 234 1140
Transfer 114 13 1163
Transfer 313 43 2315
Transfer 259 250 1689
Transfer 26 174 1870
Transfer 86 117 1316
Transfer 162 295 1495
Transfer 217 153 2355
Transfer 225 27 376
Transfer 187 349 2443
Transfer 78 120 852
Transfer 156 164 1867
Transfer 258 66 1981
Transfer 68 122 801
Transfer 69 39 2105
Transfer 45 49 687
Transfer 230 184 2467
Transfer 255 290 1911
Transfer 203 235 2500
Transfer 63 323 877
Transfer 133 254 1977
Transfer 90 177 690
Transfer 74 115 1630
Transfer 210 156 170
Transfer 226 395 1284
Transfer 339 151 1178
Transfer 96 211 1647
Transfer 111 343 437
Transfer 12 375 2111
Transfer 210 166 148
Transfer 171 352 2474
Transfer 28 347 1723
Transfer 241 82 2319
Transfer 305 191 2252
Transfer 274 25 871
Transfer 97 384 179
Transfer 266 378 2179
Transfer 340 397 2443
Transfer 15 265 670
Transfer 344 285 1063
Transfer 71 187 505
Transfer 309 281 1507
Transfer 153 147 1264
Transfer 325 184 1918
Transfer 155 153 511
Transfer 159 9 1041
Transfer 270 396 177
Transfer 35 393 1982
Transfer 201 319 2270
Transfer 392 379 438
Transfer 17 112 1224
Transfer 388 11 1136
Transfer 328 192 213
Transfer 250 52 2169
Transfer 25 312 1020
Transfer 4 236 672
Transfer 69 33 2401
Transfer 233 60 1613
Transfer 344 206 2099
Transfer 332 107 923
Transfer 294 11 382
Transfer 35 218 1266
Transfer 225 2 2360
Transfer 241 125 844
Transfer 208 277 2195
Transfer 212 286 1461
Transfer 192 337 1896
Transfer 243 42 883
Transfer 291 63 1405
Transfer 395 173 1250
Transfer 217 348 745
Transfer 124 216 2082
Transfer 226 242 137
Transfer 108 196 2226
Transfer 214 56 2336
Transfer 385 249 385
Transfer 120 290 320
Transfer 86 15 1741
Transfer 250 353 1118
Transfer 168 288 2362
Transfer 163 137 173
Transfer 282 358 1117
Transfer 181 13 696
Transfer 366 353 2444
Transfer 198 369 2424
Transfer 160 271 388
Transfer 62 394 729
Transfer 267 379 2409
Transfer 238 34 2307
Transfer 349 61 856
Transfer 303 240 2003
Transfer 388 383 1903
Transfer 79 225 2151
Transfer 154 177 218
Transfer 376 198 1019
Transfer 272 351 954
Transfer 210 221 1024
Transfer 333 138 2326
Transfer 173 224 1544
Transfer 124 207 2155
Transfer 279 337 839
Transfer 42 167 1968
Transfer 7 306 1006
Transfer 307 278 729
Transfer 71 66 1505
Transfer 24 163 1736
Transfer 289 223 1883
Transfer 372 194 1470
Transfer 149 21 1645
Transfer 171 286 556
Transfer 242 101 596
Transfer 374 317 342
Transfer 287 315 2017
Transfer 83 314 783
Transfer 217 382 478
Transfer 41 214 1168
Transfer 310 368 2052
Transfer 67 363 1030
Transfer 393 228 2303
Transfer 288 63 1366
Transfer 26 282 963
Transfer 243 88 993
Transfer 121 195 761
Transfer 364 127 2162
Transfer 74 296 1144
Transfer 102 115 2466
Transfer 394 3 1771
Transfer 45 359 2179
Transfer 223 170 1487
Transfer 170 313 2366
Transfer 195 19 2215
Transfer 181 17 1176
Transfer 2 37 1569
Transfer 246 86 111
Transfer 183 344 1287
Transfer 301 114 1383
Transfer 396 233 2054
Transfer 188 278 766
Transfer 126 287 1113
Transfer 97 278 2009
Transfer 296 93 523
Transfer 363 84 585
Transfer 371 296 912
Transfer 370 37 283
Transfer 6 362 332
Transfer 134 226 1192
Transfer 204 110 2398
Transfer 175 246 2178
Transfer 289 316 2037
Transfer 92 366 2308
Transfer 355 321 568
Transfer 141 104 455
Transfer 13 46 731
Transfer 43 200 1630
Transfer 6 237 1498
Transfer 357 60 1404
Transfer 272 252 1102
Transfer 355 79 1596
Transfer 117 374 241
Transfer 118 48 2349
Transfer 282 297 814
Transfer 275 262 65
Transfer 304 284 1751
Transfer 182 225 1224
Transfer 219 341 694
Transfer 282 49 944
Transfer 283 349 475
Transfer 233 335 325
Transfer 296 396 1778
Transfer 317 92 1411
Transfer 304 212 2079
Transfer 172 377 955
Transfer 315 325 2329
Transfer 156 108 1021
Transfer 81 109 1698
Transfer 102 109 1976
Transfer 27 353 1891
Transfer 337 304 852
Transfer 236 201 2174
Transfer 274 315 1706
Transfer 129 194 1884
Transfer 174 240 9
Transfer 164 24 1131
Transfer 29 1 333
Transfer 182 370 394
Transfer 334 128 6
Transfer 217 151 2253
Transfer 55 172 1097
Transfer 295 306 1373
Transfer 372 109 1966
Transfer 18 48 1012
Transfer 361 28 1766
Transfer 8 324 1638
Transfer 192 63 139
Transfer 28 338 962
Transfer 3 16 950
Transfer 321 221 58
Transfer 347 223 911
Transfer 311 195 1089
Transfer 39 86 1925
Transfer 350 57 1286
Transfer 60 370 928
Transfer 168 181 2186
Transfer 127 252 1514
Transfer 97 186 1801
Transfer 2 351 1392
Transfer 377 125 58
Transfer 300 239 1080
Transfer 350 9 2032
Transfer 375 113 2330
Transfer 135 279 1515
Transfer 271 222 1518
Transfer 109 141 407
Transfer 282 399 761
Transfer 105 220 2467
Transfer 360 199 678
Transfer 97 307 277
Transfer 243 34 1589
Transfer 309 172 2141
Transfer 349 319 2461
Transfer 48 394 1245
Transfer 283 68 2089
Transfer 316 393 253
Transfer 100 230 1336
Transfer 252 342 1330
Transfer 229 119 619
Transfer 135 242 1955
Transfer 18 298 18
Transfer 328 314 1683
Transfer 310 152 470
Transfer 350 15 2326
Transfer 277 272 918
Transfer 327 45 921
Transfer 113 15 1216
Transfer 335 373 242
Transfer 373 204 391
Transfer 186 297 41
Transfer 151 3 139
Transfer 298 142 1987
Transfer 324 58 2402
Transfer 165 14 96
Transfer 196 165 339
Transfer 20 58 942
Transfer 268 374 1096
Transfer 328 87 1447
Transfer 300 64 1501
Transfer 180 398 1663
Transfer 359 260 388
Transfer 219 191 130
Transfer 25 53 593
Transfer 348 233 1954
Transfer 243 333 96
Transfer 271 52 1830
Transfer 345 213 115
Transfer 130 68 450
Transfer 397 225 411
Transfer 349 369 1968
Transfer 180 72 1518
Transfer 43 280 702
Transfer 375 218 1013
Transfer 177 166 1380
Transfer 321 83 2497
Transfer 224 397 226
Transfer 321 203 643
Transfer 260 399 1798
Transfer 219 185 2148
Transfer 94 301 1168
Transfer 224 216 43
Transfer 178 377 684
Transfer 73 38 714
Transfer 225 283 2464
Transfer 314 203 1409
Transfer 121 220 378
Transfer 247 43 1616
Transfer 24 368 2144
Transfer 224 196 2273
Transfer 57 60 2155
Transfer 93 269 94
Transfer 312 350 917
Transfer 220 201 2459
Transfer 340 326 413
Transfer 109 370 713
Transfer 278 328 1248
Transfer 308 219 2234
Transfer 196 38 201
Transfer 312 275 826
Transfer 283 60 2163
Transfer 367 336 1126
Transfer 142 163 437
Transfer 372 64 2008
Transfer 385 216 1746
Transfer 107 303 2161
Transfer 153 147 2096
Transfer 89 331 1730
Transfer 238 285 2299
Transfer 326 253 165
Transfer 260 148 2448
Transfer 241 347 1472
Transfer 122 381 2015
Transfer 35 357 66
Transfer 306 275 665
Transfer 341 198 1987
Transfer 225 28 2103
Transfer 337 376 1973
Transfer 97 92 351
Transfer 282 97 1565
Transfer 27 148 1314
Transfer 116 340 1708
Transfer 85 156 2364
Transfer 41 218 2458
Transfer 44 291 2147
Transfer 245 330 706
Transfer 209 147 1944
Transfer 297 292 172
Transfer 313 210 1341
Transfer 106 6 1828
Transfer 324 71 1892
Transfer 264 272 1343
Transfer 93 345 931
Transfer 271 77 1622
Transfer 365 153 369
Transfer 116 296 1240
Transfer 119 29 290
Transfer 355 158 1372
Transfer 99 237 1606
Transfer 280 380 2249
Transfer 54 174 1748
Transfer 394 82 1478
Transfer 129 36 2108
Transfer 96 223 292
Transfer 271 214 960
Transfer 287 63 789
Transfer 22 346 2454
Transfer 168 372 1570
Transfer 321 315 1652
Transfer 398 132 393
Transfer 174 270 888
Transfer 249 367 731
Transfer 347 10 819
Transfer 152 281 750
Transfer 121 52 2350
Transfer 194 342 296
Transfer 20 318 143
Transfer 107 139 1805
Transfer 132 27 407
Transfer 387 50 2030
Transfer 215 357 557
Transfer 251 107 2298
Transfer 277 279 1763
Transfer 356 196 1153
Transfer 92 71 2356
Transfer 280 62 2057
Transfer 297 326 721
Transfer 367 316 1031
Transfer 257 154 1218
Transfer 214 10 161
Transfer 348 311 818
Transfer 178 245 150
Transfer 373 27 1559
Transfer 246 39 838
Transfer 328 162 1568
Transfer 161 341 1393
Transfer 57 395 699
Transfer 49 208 931
Transfer 227 147 1703
Transfer 93 77 1468
Transfer 134 108 2135
Transfer 107 264 1794
Transfer 251 68 336
Transfer 131 118 473
Transfer 333 365 1162
Transfer 342 95 829
Transfer 161 281 773
Transfer 183 245 333
Transfer 392 2 1795
Transfer 45 58 958
Transfer 141 377 1024
Transfer 329 76 94
Transfer 382 278 2176
Transfer 273 173 2452
Transfer 52 253 1190
Transfer 273 219 273
Transfer 392 226 1274
Transfer 92 159 511
Transfer 76 377 1055
Transfer 204 313 1912
Transfer 223 393 975
Transfer 43 305 622
Transfer 139 164 1556
Transfer 298 154 587
Transfer 299 287 785
Transfer 208 119 676
Transfer 144 319 1405
Transfer 47 394 1808
Transfer 67 280 1172
Transfer 44 73 850
Transfer 280 224 90
Transfer 46 245 1778
Transfer 32 110 1279
Transfer 232 386 1875
Transfer 69 249 2113
Transfer 179 17 798
Transfer 290 108 1269
Transfer 193 231 1575
Transfer 108 357 2065
Transfer 176 109 139
Transfer 311 315 1097
Transfer 217 195 1
Transfer 19 248 2308
Transfer 24 274 590
Transfer 72 256 1511
Transfer 207 361 1302
Transfer 366 296 1445
Transfer 35 328 1154
Transfer 263 250 1491
Transfer 59 327 189
Transfer 200 12 460
Transfer 391 59 740
Transfer 48 136 855
Transfer 291 56 1224
Transfer 60 43 737
Transfer 327 232 1127
Transfer 177 391 326
Transfer 174 101 1846
Transfer 214 87 1516
Transfer 133 373 249
Transfer 180 79 1354
Transfer 302 197 609
Transfer 382 48 197
Transfer 98 285 2360
Transfer 260 354 1117
Transfer 97 188 24
Transfer 134 367 1571
Transfer 299 178 394
Transfer 127 147 1508
Transfer 63 258 89
Transfer 282 203 1625
Transfer 118 217 1880
Transfer 235 319 1582
Transfer 38 377 746
Transfer 182 248 562
Transfer 8 383 24
Transfer 155 291 2397
Transfer 57 378 997
Transfer 282 200 1063
Transfer 368 391 2403
Transfer 224 266 319
Transfer 258 321 786
Transfer 51 9 731
Transfer 319 236 1096
Transfer 44 159 1704
Transfer 199 344 1163
Transfer 78 188 1325
Transfer 196 319 973
Transfer 278 53 1836
Transfer 239 6 1022
Transfer 153 141 264
Transfer 284 114 1521
Transfer 374 63 472
Transfer 298 127 15
Transfer 91 326 1271
Transfer 29 161 915
Transfer 75 184 197
Transfer 313 48 1765
Transfer 324 328 526
Transfer 296 332 904
Transfer 400 289 2004
Transfer 172 108 1331
Transfer 16 69 2254
Transfer 258 142 2157
Transfer 194 378 626
Transfer 54 36 2072
Transfer 86 369 2060
Transfer 215 262 1274
Transfer 307 87 1329
Transfer 280 253 1823
Transfer 212 127 473
Transfer 319 20 279
Transfer 392 355 2356
Transfer 232 226 46
Transfer 348 140 2165
Transfer 382 19 1097
Transfer 158 112 1119
Transfer 71 386 1783
Transfer 80 23 1502
Transfer 240 328 1049
Transfer 61 158 2047
Transfer 264 120 1855
Transfer 82 382 48
Transfer 15 276 340
Transfer 290 81 2054
Transfer 177 97 1995
Transfer 357 204 209
Transfer 91 270 794
Transfer 22 128 1128
Transfer 330 390 1288
Transfer 175 293 397
Transfer 20 306 1928
Transfer 314 191 17
Transfer 400 280 101
Transfer 63 205 2455
Transfer 46 246 448
Transfer 169 386 293
Transfer 224 368 528
Transfer 218 305 1035
Transfer 247 187 1636
Transfer 29 181 1474
Transfer 390 41 185
Transfer 113 18 1580
Transfer 243 24 328
Transfer 87 53 1395
Transfer 355 387 1464
Transfer 353 350 1319
Transfer 73 30 1162
Transfer 216 214 999
Transfer 150 49 1212
Transfer 7 376 1275
Transfer 195 50 1180
Transfer 117 84 1626
Transfer 385 19 1531
Transfer 186 188 439
Transfer 11 291 2427
Transfer 399 228 160
Transfer 205 262 2147
Transfer 150 234 639
Transfer 331 220 2195
Transfer 291 170 272
Transfer 35 13 1512
Transfer 191 203 8
Transfer 353 159 830
Transfer 117 91 1577
Transfer 226 177 1429
Transfer 266 311 2022
Transfer 83 266 992
Transfer 205 280 838
Transfer 251 380 1828
Transfer 97 384 1938
Transfer 319 106 1427
Transfer 305 240 1630
Transfer 338 99 1236
Transfer 137 261 72
Transfer 273 25 540
Transfer 391 198 1605
Transfer 16 333 732
Transfer 191 139 544
Transfer 316 309 2293
Transfer 267 329 271
Transfer 307 49 2456
Transfer 343 213 1768
Transfer 180 29 769
Transfer 86 93 1541
Transfer 242 332 188
Transfer 95 343 781
Transfer 10 265 732
Transfer 289 220 2010
Transfer 253 156 2378
Transfer 354 394 2379
Transfer 46 2 1492
Transfer 396 48 182
Transfer 208 367 2290
Transfer 38 267 879
Transfer 159 252 361
Transfer 363 373 1528
Transfer 154 107 518
Transfer 390 107 1823
Transfer 229 205 346
Transfer 40 260 1669
Transfer 262 39 715
Transfer 215 58 215
Transfer 281 338 2066
Transfer 169 230 928
Transfer 396 332 2205
Transfer 271 131 1188
Transfer 159 240 1688
Transfer 21 378 888
Transfer 97 99 2179
Transfer 260 152 1501
Transfer 38 43 1346
Transfer 361 388 2446
Transfer 389 372 475
Transfer 168 359 791
Transfer 180 320 600
Transfer 340 237 1533
Transfer 86 365 731
Transfer 328 206 684
Transfer 143 268 2091
Transfer 233 75 449
Transfer 246 367 2143
Transfer 378 366 914
Transfer 345 346 2249
Transfer 179 269 364
Transfer 33 98 36
Transfer 77 215 2310
Transfer 251 91 1376
Transfer 95 259 2494
Transfer 179 237 2399
Transfer 129 25 1552
Transfer 164 375 1754
Transfer 2 293 1641
Transfer 11 107 1410
Transfer 67 139 1774
Transfer 261 263 729
Transfer 14 243 562
Transfer 99 358 256
Transfer 212 397 1221
Transfer 6 331 108
Transfer 67 84 2130
Transfer 310 57 343
Transfer 243 1 1794
Transfer 266 175 641
Transfer 192 271 811
Transfer 80 337 2226
Transfer 318 388 1288
Transfer 45 236 2261
Transfer 265 134 412
Transfer 157 263 1522
Transfer 376 19 2051
Transfer 140 320 395
Transfer 260 321 1199
Transfer 220 170 250
Transfer 5 331 637
Transfer 10 365 1924
Transfer 143 6 1708
Transfer 329 59 773
Transfer 157 35 1274
Transfer 68 186 892
Transfer 19 217 1105
Transfer 242 310 1209
Transfer 331 132 1914
Transfer 145 280 1779
Transfer 182 16 84
Transfer 162 26 1430
Transfer 308 276 685
Transfer 15 325 1850
Transfer 8 230 2057
Transfer 298 305 1768
Transfer 397 115 2201
Transfer 324 397 2077
Transfer 208 287 2459
Transfer 87 10 226
Transfer 212 132 1297
Transfer 240 167 2392
Transfer 233 364 2348
Transfer 308 222 2169
Transfer 336 311 1278
Transfer 343 200 371
Transfer 335 108 2180
Transfer 9 389 443
Transfer 27 82 709
Transfer 221 292 1992
Transfer 207 262 1356
Transfer 382 191 655
Transfer 159 385 921
Transfer 302 220 689
Transfer 310 151 1252
Transfer 65 335 1523
Transfer 338 56 2170
Transfer 147 223 2295
Transfer 9 247 1699
Transfer 16 223 916
Transfer 176 280 2323
Transfer 230 12 14
Transfer 381 32 1123
Transfer 358 361 2352
Transfer 11 122 243
Transfer 284 286 1667
Transfer 393 284 114
Transfer 221 314 2313
Transfer 290 266 2410
Transfer 253 118 692
Transfer 200 43 1788
Transfer 77 193 542
Transfer 218 126 2457
Transfer 75 170 2178
Transfer 363 70 798
Transfer 73 246 277
Transfer 358 211 60
Transfer 390 397 1693
Transfer 134 191 1948
Transfer 166 180 708
Transfer 327 395 1108
Transfer 118 300 852
Transfer 3 193 622
Transfer 139 67 348
Transfer 67 372 1264
Transfer 215 338 2435
Transfer 292 45 1910
Transfer 311 215 2300
Transfer 18 215 1423
Transfer 201 241 1958
Transfer 125 22 159
Transfer 220 123 279
Transfer 110 184 75
Transfer 314 154 148
Transfer 230 45 1046
Transfer 270 363 1419
Transfer 149 224 1804
Transfer 70 278 1724
Transfer 396 385 1958
Transfer 272 284 841
Transfer 48 172 215
Transfer 2 176 1546
Transfer 355 121 773
Transfer 5 24 1704
Transfer 195 134 692
Transfer 97 137 406
Transfer 66 34 1906
Transfer 157 77 1590
Transfer 238 371 341
Transfer 262 37 2467
Transfer 125 88 2101
Transfer 399 363 935
Transfer 314 133 36
Transfer 262 164 6
Transfer 6 144 336
Transfer 106 335 2290
Transfer 91 363 190
Transfer 181 304 1728
Transfer 331 43 339
Transfer 199 254 2199
Transfer 232 237 142
Transfer 232 43 2038
Transfer 69 289 1462
Transfer 92 81 729
Transfer 216 97 236
Transfer 80 313 617
Transfer 212 34 1287
Transfer 313 382 1808
Transfer 180 248 2388
Transfer 149 252 1327
Transfer 360 285 101
Transfer 174 3 939
Transfer 321 260 746
Transfer 220 135 1003
Transfer 361 360 324
Transfer 159 302 2066
Transfer 82 198 1680
Transfer 309 217 138
Transfer 132 234 1746
Transfer 294 127 578
Transfer 56 53 878
Transfer 400 4 1018
Transfer 102 222 2129
Transfer 352 227 1737
Transfer 257 134 876
Transfer 78 305 2177
Transfer 164 282 384
Transfer 132 390 368
Transfer 237 249 417
Transfer 332 320 728
Transfer 45 149 2330
Transfer 104 221 1581
Transfer 13 272 2319
Transfer 367 90 2427
Transfer 259 363 629
Transfer 318 139 1368
Transfer 81 323 1963
Transfer 347 206 351
Transfer 171 381 576
Transfer 91 87 2066
Transfer 312 281 1495
Transfer 232 132 351
Transfer 197 328 2398
Transfer 188 224 430
Transfer 341 114 1114
Transfer 100 258 14
Transfer 348 166 413
Transfer 355 74 360
Transfer 308 95 1933
Transfer 47 45 1833
Transfer 379 23 1659
Transfer 168 354 2089
Transfer 212 78 762
Transfer 119 398 2491
Transfer 385 329 2231
Transfer 312 282 245
Transfer 223 97 1192
Transfer 160 244 1446
Transfer 342 4 1725
Transfer 36 17 2444
Transfer 392 382 1255
Transfer 151 29 1857
Transfer 396 272 2102
Transfer 137 271 111
Transfer 130 389 110
Transfer 333 34 149
Transfer 283 238 1597
Transfer 63 327 1355
Transfer 183 217 254
Transfer 292 85 1995
Transfer 235 365 1381
Transfer 69 230 2154
Transfer 45 277 455
Transfer 208 2 685
Transfer 252 368 1515
Transfer 240 91 1648
Transfer 343 135 1264
Transfer 16 388 2425
Transfer 24 385 2299
Transfer 373 103 1213
Transfer 112 371 959
Transfer 183 369 2328
Transfer 41 336 1883
Transfer 171 375 2306
Transfer 47 301 2127
Transfer 225 47 1082
Transfer 20 386 1477
Transfer 298 145 1288
Transfer 118 356 1476
Transfer 367 14 856
Transfer 389 252 615
Transfer 61 250 1296
Transfer 141 13 1692
Transfer 271 151 844
Transfer 126 342 1697
Transfer 81 87 627
Transfer 365 369 80
Transfer 323 370 362
Transfer 105 167 362
Transfer 125 15 1676
Transfer 25 267 2198
Transfer 124 27 703
Transfer 341 145 1097
Transfer 142 323 369
Transfer 351 358 470
Transfer 98 131 1140
Transfer 342 356 987
Transfer 232 57 1908
Transfer 211 139 1367
Transfer 126 146 1096
Transfer 51 116 1034
Transfer 177 171 2396
Transfer 312 276 1359
Transfer 265 135 518
Transfer 268 74 2108
Transfer 81 218 1630
Transfer 61 349 1762
Transfer 83 63 1402
Transfer 200 274 1757
Transfer 4 340 990
Transfer 82 299 979
Transfer 349 331 456
Transfer 219 184 1580
Transfer 136 128 129
Transfer 368 345 1556
Transfer 147 68 867
Transfer 400 29 305
Transfer 254 186 1718
Transfer 64 355 2396
Transfer 39 285 647
Transfer 132 289 1963
Transfer 379 60 1048
Transfer 376 53 654
Transfer 238 216 2260
Transfer 287 15 723
Transfer 247 139 229
Transfer 157 368 1073
Transfer 325 358 1045
Transfer 342 171 2460
Transfer 46 1 1144
Transfer 162 389 1442
Transfer 355 128 760
Transfer 286 130 685
Transfer 240 24 1393
Transfer 10 173 178
Transfer 335 283 1005
Transfer 91 325 1509
Transfer 268 93 1496
Transfer 369 279 236
Transfer 48 47 1593
Transfer 350 115 1821
Transfer 76 204 381
Transfer 30 367 2392
Transfer 267 253 2351
Transfer 63 163 1297
Transfer 152 192 124
Transfer 123 136 270
Transfer 268 227 1347
Transfer 133 86 1641
Transfer 36 254 800
Transfer 400 350 2108
Transfer 268 272 1782
Transfer 244 282 1969
Transfer 355 331 1513
Transfer 290 126 2387
Transfer 39 153 780
Transfer 115 357 570
Transfer 109 77 2236
Transfer 375 136 1063
Transfer 66 251 1845
Transfer 43 305 2141
Transfer 142 23 137
Transfer 30 247 1402
Transfer 140 394 517
Transfer 355 254 739
Transfer 157 52 2078
Transfer 387 94 1189
Transfer 220 321 427
Transfer 146 220 116
Transfer 66 19 1779
Transfer 53 48 86
Transfer 330 212 2362
Transfer 182 178 2246
Transfer 283 126 161
Transfer 162 268 2404
Transfer 27 192 319
Transfer 352 272 1405
Transfer 198 298 1368
Transfer 173 372 2209
Transfer 73 234 601
Transfer 201 121 1085
Transfer 176 143 2171
Transfer 8 128 1228
Transfer 188 355 1292
Transfer 18 54 2328
Transfer 364 273 2499
Transfer 305 86 760
Transfer 121 6 1388
Transfer 392 221 2202
Transfer 350 320 2283
Transfer 84 329 2245
Transfer 202 57 1013
Transfer 380 200 332
Transfer 362 357 1004
Transfer 249 30 256
Transfer 377 240 1845
Transfer 190 92 1792
Transfer 99 90 1717
Transfer 17 18 250
Transfer 374 344 2253
Transfer 140 18 414
Transfer 333 178 1688
Transfer 6 136 1426
Transfer 393 31 2156
Transfer 306 238 2189
Transfer 33 180 749
Transfer 74 343 161
Transfer 106 344 1702
Transfer 328 305 132
Transfer 200 68 1922
Transfer 325 321 639
Transfer 133 329 2126
Transfer 52 306 1138
Transfer 97 273 955
Transfer 72 4 1281
Transfer 355 302 1680
Transfer 300 124 1956
Transfer 310 127 2089
Transfer 69 14 336
Transfer 225 98 299
Transfer 142 104 1661
Transfer 368 234 1259
Transfer 294 171 20
Transfer 273 159 2171
Transfer 190 237 392
Transfer 100 75 135
Transfer 138 29 1937
Transfer 98 195 1439
Transfer 116 214 1981
Transfer 229 368 166
Transfer 261 380 998
Transfer 137 222 974
Transfer 170 224 1036
Transfer 213 109 1065
Transfer 194 336 1159
Transfer 136 320 1398
Transfer 88 329 1368
Transfer 21 85 2131
Transfer 127 149 79
Transfer 41 331 265
Transfer 138 307 285
Transfer 129 67 929
Transfer 381 301 1510
Transfer 387 58 187
Transfer 242 298 1662
Transfer 39 53 2229
Transfer 308 304 1097
Transfer 246 135 2095
Transfer 47 243 609
Transfer 293 276 1344
Transfer 120 145 529
Transfer 272 258 938
Transfer 317 313 146
Transfer 303 272 940
Transfer 50 348 1630
Transfer 288 295 267
Transfer 45 196 371
Transfer 309 74 809
Transfer 2 306 1582
Transfer 257 12 2389
Transfer 375 188 523
Transfer 397 91 44
Transfer 274 261 2374
Transfer 77 7 2016
Transfer 380 205 1314
Transfer 64 337 878
Transfer 145 290 2042
Transfer 6 66 1226
Transfer 264 53 2230
Transfer 298 213 1937
Transfer 268 332 358
Transfer 80 134 1478
Transfer 45 29 1084
Transfer 383 392 2315
Transfer 140 220 942
Transfer 143 113 1245
Transfer 29 100 1652
Transfer 385 85 624
Transfer 286 65 157
Transfer 378 40 1135
Transfer 100 395 2273
Transfer 117 80 1753
Transfer 243 332 2028
Transfer 84 245 457
Transfer 248 399 790
Transfer 4 287 1180
Transfer 212 171 2369
Transfer 65 198 945
Transfer 14 33 1467
Transfer 153 61 490
Transfer 277 37 943
Transfer 301 34 2438
Transfer 10 390 897
Transfer 95 115 1234
Transfer 163 63 2228
Transfer 400 370 387
Transfer 394 178 2430
Transfer 237 3 694
Transfer 164 51 839
Transfer 354 196 1696
Transfer 400 303 336
Transfer 338 184 2318
Transfer 98 333 975
Transfer 259 293 316
Transfer 8 205 581
Transfer 99 308 1396
Transfer 383 37 353
Transfer 106 14 431
Transfer 7 95 1699
Transfer 203 145 1050
Transfer 128 24 926
Transfer 31 105 699
Transfer 85 100 2466
Transfer 74 234 718
Transfer 251 389 585
Transfer 89 254 1697
Transfer 103 152 958
Transfer 346 194 120
Transfer 27 136 159
Transfer 200 80 473
Transfer 244 299 73
Transfer 396 57 854
Transfer 341 128 1484
Transfer 346 232 1080
Transfer 180 206 1627
Transfer 393 76 1419
Transfer 345 381 2317
Transfer 103 398 2286
Transfer 31 39 387
Transfer 279 104 1960
Transfer 137 188 2467
Transfer 62 58 1217
Transfer 70 322 695
Transfer 218 132 8
Transfer 356 315 616
Transfer 3 11 1114
Transfer 49 298 2115
Transfer 246 6 1284
Transfer 128 167 233
Transfer 131 82 1467
Transfer 14 160 303
Transfer 62 258 649
Transfer 227 64 290
Transfer 396 167 1328
Transfer 111 380 1751
Transfer 210 5 795
Transfer 14 204 1026
Transfer 103 149 716
Transfer 33 62 1300
Transfer 165 68 2352
Transfer 58 42 1615
Transfer 397 318 1657
Transfer 139 11 1265
Transfer 352 324 2258
Transfer 99 379 1857
Transfer 68 321 1491
Transfer 223 318 201
Transfer 322 230 2406
Transfer 72 272 1934
Transfer 23 359 1874
Transfer 98 197 926
Transfer 304 178 495
Transfer 146 62 2315
Transfer 248 148 1932
Transfer 319 203 1726
Transfer 257 120 1722
Transfer 373 202 2320
Transfer 24 337 1517
Transfer 136 308 2136
Transfer 364 286 1824
Transfer 68 211 2093
Transfer 111 383 349
Transfer 221 245 954
Transfer 11 208 1694
Transfer 5 261 1495
Transfer 216 386 245
Transfer 2 358 123
Transfer 359 282 1001
Transfer 227 222 1738
Transfer 341 75 938
Transfer 351 44 955
Transfer 68 280 837
Transfer 310 113 2481
Transfer 159 272 1072
Transfer 60 23 1648
Transfer 265 219 682
Transfer 151 164 667
Transfer 238 363 1630
Transfer 331 84 815
Transfer 257 18 331
Transfer 348 236 803
Transfer 127 83 1085
Transfer 34 310 1150
Transfer 17 168 1156
Transfer 48 322 966
Transfer 218 117 2197
Transfer 56 2 385
Transfer 49 57 2171
Transfer 338 179 1748
Transfer 143 155 2041
Transfer 72 312 909
Transfer 97 44 2481
Transfer 88 282 1698
Transfer 306 121 868
Transfer 235 191 896
Transfer 27 348 1806
Transfer 74 334 2463
Transfer 185 223 1334
Transfer 292 93 1665
Transfer 160 206 1002
Transfer 183 242 2498
Transfer 295 368 2271
Transfer 334 199 1567
Transfer 161 371 1791
Transfer 234 75 1163
Transfer 280 118 908
Transfer 125 318 1299
Transfer 395 124 2089
Transfer 51 164 2353
Transfer 77 362 2334
Transfer 250 111 530
Transfer 394 362 676
Transfer 250 135 2173
Transfer 300 91 271
Transfer 86 378 1490
Transfer 166 130 901
Transfer 234 327 171
Transfer 254 139 2437
Transfer 68 281 2330
Transfer 108 348 1950
Transfer 124 248 189
Transfer 15 179 1540
Transfer 239 314 2351
Transfer 143 219 867
Transfer 259 209 2297
Transfer 342 55 931
Transfer 55 23 82
Transfer 301 62 2072
Transfer 18 129 2365
Transfer 105 232 470
Transfer 270 259 664
Transfer 47 309 545
Transfer 101 374 2160
Transfer 208 370 458
Transfer 122 195 42
Transfer 188 173 1770
Transfer 20 35 2363
Transfer 305 26 1855
Transfer 329 283 1866
Transfer 27 200 413
Transfer 187 309 2166
Transfer 173 63 2350
Transfer 336 276 1349
Transfer 46 369 726
Transfer 81 150 2223
Transfer 384 191 823
Transfer 377 145 327
Transfer 256 56 2092
Transfer 106 187 416
Transfer 5 355 918
Transfer 368 145 476
Transfer 229 58 2272
Transfer 118 287 791
Transfer 126 378 1320
Transfer 284 285 2333
Transfer 61 113 987
Transfer 366 334 569
Transfer 213 308 1254
Transfer 183 216 1171
Transfer 144 110 1314
Transfer 209 181 507
Transfer 8 348 1205
Transfer 123 179 1532
Transfer 329 60 2172
Transfer 116 389 291
Transfer 382 288 2489
Transfer 23 389 2027
Transfer 203 151 1415
Transfer 236 259 941
Transfer 281 111 1761
Transfer 261 61 386
Transfer 102 9 2305
Transfer 81 277 1671
Transfer 338 5 1973
Transfer 112 165 402
Transfer 385 146 487
Transfer 79 389 1740
Transfer 357 370 1533
Transfer 71 334 1167
Transfer 159 187 1990
Transfer 108 349 1355
Transfer 86 12 2474
Transfer 211 81 1696
Transfer 107 331 336
Transfer 209 181 2484
Transfer 205 256 1774
Transfer 344 18 2346
Transfer 234 136 1314
Transfer 354 252 1400
Transfer 215 124 1816
Transfer 192 200 1268
Transfer 151 69 1305
Transfer 188 52 49
Transfer 211 94 1820
Transfer 157 258 2275
Transfer 238 83 456
Transfer 71 218 2021
Transfer 245 219 1167
Transfer 215 4 1825
Transfer 156 189 49
Transfer 234 385 1289
Transfer 102 133 1423
Transfer 7 272 2417
Transfer 249 358 1619
Transfer 84 44 1326
Transfer 100 145 703
Transfer 111 69 2054
Transfer 280 127 1430
Transfer 338 172 2309
Transfer 83 78 1780
Transfer 316 12 2356
Transfer 61 160 300
Transfer 260 380 1867
Transfer 92 342 404
Transfer 33 366 1741
Transfer 22 2 1789
Transfer 400 118 219
Transfer 133 80 1673
Transfer 162 233 1573
Transfer 238 160 566
Transfer 151 194 2190
Transfer 134 122 2410
Transfer 168 208 2030
Transfer 383 337 797
Transfer 114 250 67
Transfer 167 56 458
Transfer 153 258 144
Transfer 204 259 226
Transfer 16 125 339
Transfer 331 398 162
Transfer 361 132 1323
Transfer 163 83 997
Transfer 30 369 251
Transfer 342 314 2347
Transfer 81 287 2432
Transfer 186 110 1366
Transfer 389 265 489
Transfer 2 110 1941
Transfer 257 391 874
Transfer 395 202 2193
Transfer 67 5 764
Transfer 362 323 152
Transfer 246 274 1255
Transfer 298 235 594
Transfer 152 361 841
Transfer 181 391 360
Transfer 382 47 856
Transfer 54 227 413
Transfer 353 195 1348
Transfer 129 264 270
Transfer 46 56 2217
Transfer 313 334 931
Transfer 271 158 1427
Transfer 363 339 1031
Transfer 308 292 1676
Transfer 262 387 2017
Transfer 40 312 809
Transfer 337 59 604
Transfer 259 254 1360
Transfer 378 280 1739
Transfer 170 44 2494
Transfer 119 342 774
Transfer 177 110 1095
Transfer 185 378 1921
Transfer 271 7 59
Transfer 223 214 1791
Transfer 385 194 1009
Transfer 87 247 1949
Transfer 162 92 2346
Transfer 320 79 1771
Transfer 230 77 508
Transfer 230 234 1905
Transfer 108 351 2360
Transfer 56 209 1578
Transfer 41 154 42
Transfer 259 265 1725
Transfer 50 95 725
Transfer 70 34 829
Transfer 106 128 723
Transfer 156 87 2038
Transfer 46 144 2015
Transfer 141 61 902
Transfer 33 135 2493
Transfer 229 151 1859
Transfer 285 122 1469
Transfer 196 257 2106
Transfer 324 361 294
Transfer 126 303 805
Transfer 54 307 1472
Transfer 185 134 1474
Transfer 345 270 2123
Transfer 9 344 1674
Transfer 105 32 427
Transfer 31 29 770
Transfer 331 319 1022
Transfer 162 129 813
Transfer 154 319 538
Transfer 362 98 1285
Transfer 224 259 735
Transfer 228 209 1282
Transfer 59 55 1009
Transfer 47 176 877
Transfer 229 371 2071
Transfer 70 174 523
Transfer 222 349 464
Transfer 206 388 2205
Transfer 351 232 2273
Transfer 21 324 2296
Transfer 380 81 2451
Transfer 352 143 43
Transfer 11 279 579
Transfer 359 57 1109
Transfer 57 324 2022
Transfer 374 343 1371
Transfer 332 15 2407
Transfer 58 223 1937
Transfer 110 295 274
Transfer 313 342 635
Transfer 260 174 1831
Transfer 68 364 1868
Transfer 339 400 1337
Transfer 263 340 1496
Transfer 324 371 665
Transfer 70 317 242
Transfer 362 234 920
Transfer 42 288 1793
Transfer 299 52 1452
Transfer 349 271 376
Transfer 332 269 924
Transfer 46 12 1371
Transfer 331 175 1949
Transfer 252 70 8
Transfer 259 205 557
Transfer 27 74 955
Transfer 36 112 400
Transfer 137 240 35
Transfer 357 250 1264
Transfer 337 183 1993
Transfer 113 47 238
Transfer 102 45 1384
Transfer 194 212 47
Transfer 19 134 952
Transfer 41 59 1285
Transfer 296 52 508
Transfer 243 42 1604
Transfer 273 59 2461
Transfer 368 337 1986
Transfer 298 52 584
Transfer 289 321 1366
Transfer 236 383 486
Transfer 64 214 1196
Transfer 138 119 291
Transfer 312 288 1205
Transfer 276 58 2117
Transfer 307 226 15
Transfer 67 42 47
Transfer 362 68 1186
Transfer 225 364 586
Transfer 389 220 525
Transfer 115 3 1498
Transfer 130 219 1529
Transfer 82 387 681
Transfer 63 177 2085
Transfer 155 114 1652
Transfer 155 104 2180
Transfer 248 189 1798
Transfer 99 159 62
Transfer 218 366 1380
Transfer 49 394 1291
Transfer 395 264 845
Transfer 291 71 418
Transfer 191 374 2385
Transfer 241 269 46
Transfer 332 9 1031
Transfer 384 116 1282
Transfer 264 400 534
Transfer 353 78 1898
Transfer 197 155 1915
Transfer 215 21 1208
Transfer 173 93 2271
Transfer 39 338 766
Transfer 34 251 330
Transfer 192 208 1041
Transfer 291 14 1590
Transfer 176 101 17
Transfer 326 328 1320
Transfer 353 368 575
Transfer 27 278 1976
Transfer 283 80 1623
Transfer 129 43 304
Transfer 352 238 133
Transfer 197 262 1817
Transfer 185 199 118
Transfer 38 116 20
Transfer 298 112 818
Transfer 32 325 2133
Transfer 93 252 601
Transfer 366 143 1621
Transfer 231 160 893
Transfer 197 184 2214
Transfer 139 107 1723
Transfer 99 123 549
Transfer 339 336 474
Transfer 358 233 1499
Transfer 66 219 1790
Transfer 175 31 269
Transfer 181 180 443
Transfer 60 216 2315
Transfer 53 182 1995
