1 739
2 3948
3 1606
4 715
5 3702
6 1952
7 3712
8 4270
9 623
10 1325
11 1569
12 1856
13 3144
14 4919
15 3898
16 3691
17 3823
18 2205
19 274
20 3337
21 1344
22 822
23 1146
24 2915
25 4675
26 2436
27 1831
28 2095
29 872
30 270
31 2850
32 716
33 4278
34 1728
35 2221
36 2091
37 1640
38 1015
39 2219
40 2764
41 2432
42 638
43 2974
44 3466
45 1792
46 3460
47 1276
48 4160
49 148
50 1966
51 1673
52 4157
53 2105
54 1133
55 1758
56 4828
57 597
58 4774
59 4201
60 3643
61 4476
62 3307
63 595
64 650
65 2984
66 1711
67 4914
68 2467
69 52
70 4957
71 4650
72 448
73 2971
74 89
75 4826
76 3542
77 725
78 3155
79 3720
80 821
81 661
82 4725
83 333
84 4769
85 2735
86 4039
87 4150
88 1134
89 3140
90 2853
91 1548
92 903
93 4575
94 2913
95 3353
96 2972
97 2225
98 4483
99 1939
100 4292
101 4336
102 130
103 564
104 601
105 1254
106 1424
107 2694
108 4119
109 2693
110 307
111 2660
112 1306
113 1049
114 623
115 2815
116 1137
117 4298
118 803
119 4942
120 1162
121 696
122 3278
123 1688
124 2180
125 277
126 3388
127 4197
128 4907
129 125
130 1240
131 1111
132 1812
133 3038
134 1768
135 2946
136 1644
137 291
138 2557
139 1485
140 2499
141 2900
142 791
143 389
144 4613
145 1896
146 77
147 1254
148 1174
149 1367
150 1354
151 3145
152 1343
153 4920
154 1380
155 4413
156 3112
157 4525
158 4929
159 3305
160 4094
161 4146
162 4172
163 1926
164 4453
165 3578
166 203
167 2641
168 577
169 1447
170 495
171 4956
172 4582
173 3389
174 3536
175 4783
176 966
177 950
178 4000
179 742
180 1278
181 2622
182 1072
183 2862
184 3551
185 4243
186 3560
187 1858
188 826
189 959
190 433
191 3971
192 2735
193 3160
194 3193
195 3982
196 4005
197 9
198 2390
199 2949
200 818
201 4163
202 49
203 3536
204 2444
205 2595
206 2299
207 3458
208 775
209 3785
210 4816
211 4070
212 432
213 3902
214 3363
215 4580
216 3755
217 4003
218 2396
219 3730
220 3393
221 2210
222 4563
223 2441
224 4353
225 2577
226 2332
227 2689
228 1256
229 1247
230 3457
231 57
232 1590
233 1013
234 2910
235 4594
236 1283
237 2257
238 347
239 941
240 1593
241 311
242 2604
243 1515
244 858
245 1515
246 4613
247 4815
248 1127
249 3007
250 1495
251 2642
252 2519
253 957
254 3082
255 790
256 1910
257 2387
258 347
259 3479
260 4927
261 2482
262 4435
263 4466
264 605
265 1556
266 2868
267 3116
268 4097
269 709
270 100
271 4073
272 3658
273 307
274 4393
275 3691
276 2213
277 374
278 3746
279 4624
280 1859
281 293
282 59
283 2075
284 1196
285 2546
286 1019
287 1898
288 3489
289 4933
290 3285
291 1144
292 1633
293 526
294 4067
295 4963
296 2824
297 4117
298 550
299 4337
300 4979
301 1405
302 1750
303 2663
304 4254
305 1707
306 2286
307 4055
308 1428
309 642
310 3494
311 4065
312 3217
313 3750
314 4278
315 4977
316 1760
317 2805
318 4116
319 3622
320 4114
321 4556
322 4286
323 2751
324 3090
325 3340
326 66
327 1672
328 3074
329 1558
330 2007
331 1901
332 3218
333 1584
334 181
335 4278
336 3688
337 2026
338 3206
339 563
340 4021
341 2031
342 4082
343 1147
344 1976
345 3362
346 852
347 1781
348 22
349 1448
350 3068
351 4522
352 3312
353 3497
354 2448
355 4811
356 3196
357 3682
358 3631
359 2139
360 195
361 4435
362 1504
363 4328
364 4573
365 59
366 765
367 1981
368 2363
369 3219
370 1679
371 1944
372 1582
373 4728
374 3913
375 1484
376 3493
377 2522
378 4415
379 3036
380 3230
381 43
382 639
383 1673
384 4040
385 2178
386 536
387 2224
388 4790
389 3394
390 3684
391 1618
392 351
393 4626
394 482
395 3586
396 4617
397 4948
398 2935
399 764
400 528
Transfer 177 254 1139
Transfer 337 370 1511
Transfer 146 175 1408
Transfer 191 155 1665
Transfer 101 63 655
Transfer 236 308 1536
Transfer 392 328 1150
Transfer 400 384 1993
Transfer 373 229 1
Transfer 337 135 623
Transfer 29 292 1858
Transfer 151 224 1907
Transfer 8 163 859
Transfer 1 35 2472
Transfer 225 359 1117
Transfer 61 157 1196
Transfer 14 175 2446
Transfer 49 21 2297
Transfer 32 232 615
Transfer 334 340 1562
Transfer 112 223 668
Transfer 111 222 245
Transfer 52 399 591
Transfer 223 195 1324
Transfer 254 339 508
Transfer 215 358 654
Transfer 385 8 465
Transfer 43 253 1951
Transfer 170 314 2489
Transfer 118 341 970
Transfer 352 188 822
Transfer 293 96 640
Transfer 263 157 211
Transfer 379 73 2364
Transfer 90 131 1488
Transfer 125 200 78
Transfer 379 400 1575
Transfer 177 115 2033
Transfer 34 5 179
Transfer 34 159 1670
Transfer 216 309 473
Transfer 178 217 544
Transfer 257 399 1016
Transfer 257 105 179
Transfer 19 43 2235
Transfer 9 159 1023
Transfer 310 93 597
Transfer 27 6 2312
Transfer 78 141 1263
Transfer 27 399 1902
Transfer 62 271 284
Transfer 1 247 2426
Transfer 275 362 1501
Transfer 199 177 1579
Transfer 38 257 2457
Transfer 308 16 726
Transfer 213 291 2315
Transfer 48 400 383
Transfer 202 345 1601
Transfer 135 297 653
Transfer 378 73 2178
Transfer 173 259 776
Transfer 286 365 688
Transfer 199 276 2415
Transfer 168 80 572
Transfer 316 167 351
Transfer 108 374 1313
Transfer 58 394 1799
Transfer 102 305 811
Transfer 214 152 1079
Transfer 233 290 413
Transfer 27 45 2020
Transfer 85 142 55
Transfer 255 199 1283
Transfer 79 146 611
Transfer 352 153 687
Transfer 204 197 1307
Transfer 326 397 1345
Transfer 161 206 897
Transfer 391 299 937
Transfer 62 365 1819
Transfer 47 218 86
Transfer 380 131 2001
Transfer 109 170 1731
Transfer 19 38 1134
Transfer 266 200 2380
Transfer 230 271 749
Transfer 140 114 1002
Transfer 235 138 835
Transfer 32 378 2418
Transfer 263 341 1921
Transfer 56 302 301
Transfer 279 286 2175
Transfer 62 339 2497
Transfer 4 259 307
Transfer 363 93 845
Transfer 118 115 713
Transfer 364 170 745
Transfer 156 101 1401
Transfer 378 93 782
Transfer 91 176 870
Transfer 305 294 2114
Transfer 174 193 2196
Transfer 16 306 538
Transfer 263 31 1578
Transfer 342 379 1269
Transfer 57 315 1309
Transfer 229 351 1290
Transfer 260 181 695
Transfer 185 103 777
Transfer 379 75 1836
Transfer 68 332 348
Transfer 342 351 1459
Transfer 325 40 626
Transfer 268 359 2356
Transfer 175 52 1099
Transfer 396 44 107
Transfer 215 378 1754
Transfer 181 377 1521
Transfer 294 115 2027
Transfer 400 231 60
Transfer 171 281 1509
Transfer 26 361 2270
Transfer 308 335 588
Transfer 16 303 974
Transfer 398 244 1831
Transfer 111 182 1051
Transfer 133 139 392
Transfer 322 96 2119
Transfer 305 165 1183
Transfer 359 237 1281
Transfer 159 2 1878
Transfer 265 335 1402
Transfer 93 1 2127
Transfer 378 53 660
Transfer 265 313 973
Transfer 383 232 1773
Transfer 50 25 1693
Transfer 134 39 1028
Transfer 257 196 1152
Transfer 3 158 615
Transfer 38 274 1917
Transfer 124 310 404
Transfer 303 8 988
Transfer 137 191 2031
Transfer 114 384 2062
Transfer 34 69 1504
Transfer 224 313 208
Transfer 58 203 679
Transfer 81 261 2224
Transfer 391 339 516
Transfer 71 384 552
Transfer 3 25 992
Transfer 71 277 1556
Transfer 3 105 1651
Transfer 111 251 1797
Transfer 258 129 216
Transfer 195 138 2135
Transfer 79 213 1429
Transfer 348 295 1117
Transfer 189 229 1956
Transfer 96 368 411
Transfer 246 351 206
Transfer 29 359 102
Transfer 164 279 912
Transfer 60 399 1360
Transfer 210 368 2277
Transfer 318 126 2196
Transfer 120 163 372
Transfer 35 379 845
Transfer 389 116 1696
Transfer 120 23 1633
Transfer 267 353 1799
Transfer 283 154 323
Transfer 22 49 913
Transfer 209 126 1145
Transfer 91 137 989
Transfer 335 230 1580
Transfer 306 52 1634
Transfer 97 188 487
Transfer 78 250 172
Transfer 187 216 794
Transfer 94 187 1517
Transfer 79 265 733
Transfer 245 92 1852
Transfer 31 151 1764
Transfer 56 175 2033
Transfer 231 392 809
Transfer 377 333 2464
Transfer 26 210 319
Transfer 217 119 933
Transfer 331 20 1692
Transfer 301 36 107
Transfer 332 131 161
Transfer 157 355 1443
Transfer 160 205 1252
Transfer 232 241 1132
Transfer 234 240 673
Transfer 209 269 428
Transfer 331 298 179
Transfer 317 26 2268
Transfer 115 281 177
Transfer 199 15 2144
Transfer 16 100 583
Transfer 178 284 989
Transfer 219 30 147
Transfer 178 217 207
Transfer 313 228 1788
Transfer 225 49 2069
Transfer 393 219 1082
Transfer 355 400 59
Transfer 395 265 2188
Transfer 249 22 930
Transfer 357 348 554
Transfer 187 129 181
Transfer 88 257 856
Transfer 55 301 1699
Transfer 369 157 2268
Transfer 81 349 667
Transfer 3 315 1242
Transfer 314 68 220
Transfer 232 332 1460
Transfer 356 303 156
Transfer 284 121 1244
Transfer 21 210 1196
Transfer 283 391 350
Transfer 308 384 2093
Transfer 392 52 2302
Transfer 259 230 1497
Transfer 11 141 764
Transfer 254 9 1110
Transfer 347 288 2487
Transfer 84 55 682
Transfer 252 337 200
Transfer 213 368 470
Transfer 23 245 1813
Transfer 109 160 857
Transfer 1 318 586
Transfer 264 120 916
Transfer 325 260 1068
Transfer 156 99 64
Transfer 377 271 2168
Transfer 213 373 1843
Transfer 324 139 74
Transfer 108 400 268
Transfer 200 142 1312
Transfer 47 223 1258
Transfer 290 390 1380
Transfer 211 96 940
Transfer 311 161 1339
Transfer 313 154 1421
Transfer 251 172 1561
Transfer 260 58 1819
Transfer 104 17 1970
Transfer 153 339 548
Transfer 2 100 847
Transfer 195 40 849
Transfer 5 368 2433
Transfer 363 10 2192
Transfer 120 108 1440
Transfer 208 172 1811
Transfer 259 353 86
Transfer 215 273 972
Transfer 221 87 2091
Transfer 218 135 1763
Transfer 90 396 1921
Transfer 222 153 957
Transfer 373 10 882
Transfer 372 91 1112
Transfer 363 88 2176
Transfer 196 1 745
Transfer 322 315 1949
Transfer 22 260 1774
Transfer 315 67 400
Transfer 95 90 2028
Transfer 21 255 1313
Transfer 147 244 1740
Transfer 4 90 90
Transfer 38 239 1958
Transfer 3 297 1829
Transfer 153 130 951
Transfer 213 274 1750
Transfer 4 170 264
Transfer 342 138 1997
Transfer 44 306 1395
Transfer 84 246 2104
Transfer 217 59 1306
Transfer 133 70 658
Transfer 96 42 1802
Transfer 320 340 1369
Transfer 169 381 1199
Transfer 254 15 1380
Transfer 155 193 737
Transfer 365 236 1247
Transfer 309 129 1112
Transfer 366 215 291
Transfer 363 328 487
Transfer 209 394 545
Transfer 311 149 1801
Transfer 296 257 833
Transfer 85 386 986
Transfer 164 304 1617
Transfer 89 81 1282
Transfer 84 44 2374
Transfer 194 390 1237
Transfer 173 338 1721
Transfer 173 339 1001
Transfer 232 286 2410
Transfer 208 118 170
Transfer 282 255 17
Transfer 37 64 545
Transfer 66 116 1470
Transfer 156 197 2146
Transfer 160 186 1397
Transfer 353 28 2007
Transfer 240 217 187
Transfer 158 168 800
Transfer 121 232 777
Transfer 258 392 124
Transfer 120 124 1391
Transfer 16 374 300
Transfer 213 91 1724
Transfer 23 176 152
Transfer 58 30 1401
Transfer 311 336 2423
Transfer 345 336 672
Transfer 245 196 1912
Transfer 395 185 2346
Transfer 261 8 1921
Transfer 278 316 1184
Transfer 168 357 1455
Transfer 344 58 776
Transfer 238 117 282
Transfer 327 66 897
Transfer 318 394 57
Transfer 164 372 1256
Transfer 354 239 2229
Transfer 208 80 2079
Transfer 89 43 1963
Transfer 291 163 1596
Transfer 127 95 1603
Transfer 50 184 1984
Transfer 387 57 1378
Transfer 97 223 870
Transfer 160 389 2174
Transfer 108 71 1178
Transfer 185 366 1734
Transfer 40 387 922
Transfer 60 131 728
Transfer 173 234 2111
Transfer 6 377 1854
Transfer 149 96 1122
Transfer 301 61 89
Transfer 117 162 315
Transfer 317 307 830
Transfer 228 189 1584
Transfer 267 196 1310
Transfer 107 244 1723
Transfer 293 256 1799
Transfer 114 227 1491
Transfer 52 179 1193
Transfer 21 394 684
Transfer 155 321 1907
Transfer 12 399 1514
Transfer 78 121 710
Transfer 354 364 1913
Transfer 272 47 116
Transfer 329 305 778
Transfer 321 7 1459
Transfer 397 340 1021
Transfer 246 253 357
Transfer 63 257 1951
Transfer 117 390 1994
Transfer 81 333 2090
Transfer 106 308 2359
Transfer 298 348 850
Transfer 267 269 1856
Transfer 108 368 2130
Transfer 86 7 2498
Transfer 284 366 356
Transfer 51 112 93
Transfer 136 336 217
Transfer 15 196 600
Transfer 206 68 2418
Transfer 232 39 906
Transfer 145 364 1184
Transfer 174 323 1438
Transfer 176 322 1393
Transfer 74 348 1293
Transfer 91 248 843
Transfer 271 94 1753
Transfer 220 27 1131
Transfer 230 51 871
Transfer 26 19 227
Transfer 335 215 44
Transfer 297 397 954
Transfer 233 352 1266
Transfer 236 248 2381
Transfer 51 206 142
Transfer 373 152 549
Transfer 29 209 2165
Transfer 301 35 267
Transfer 360 356 1302
Transfer 178 198 1859
Transfer 387 8 1757
Transfer 261 94 2437
Transfer 179 149 2475
Transfer 84 341 1502
Transfer 264 397 712
Transfer 287 298 373
Transfer 220 6 24
Transfer 279 393 2363
Transfer 192 115 795
Transfer 56 150 548
Transfer 215 245 1833
Transfer 57 251 2047
Transfer 306 41 2354
Transfer 26 68 35
Transfer 268 371 1194
Transfer 279 314 116
Transfer 122 43 1663
Transfer 132 157 1717
Transfer 363 205 8
Transfer 302 358 993
Transfer 296 177 845
Transfer 278 308 837
Transfer 33 236 464
Transfer 19 256 641
Transfer 49 35 795
Transfer 287 306 480
Transfer 264 360 19
Transfer 254 385 331
Transfer 135 169 183
Transfer 71 31 2015
Transfer 237 239 566
Transfer 118 164 112
Transfer 41 18 2119
Transfer 234 119 1027
Transfer 5 15 1338
Transfer 268 190 537
Transfer 222 341 499
Transfer 260 150 236
Transfer 342 161 585
Transfer 174 167 2413
Transfer 8 253 2046
Transfer 51 172 1351
Transfer 7 341 1920
Transfer 113 391 2454
Transfer 184 327 273
Transfer 370 160 1726
Transfer 386 212 1030
Transfer 302 119 2320
Transfer 369 101 1346
Transfer 99 121 1544
Transfer 293 158 669
Transfer 174 224 2377
Transfer 395 4 1361
Transfer 286 315 2125
Transfer 311 141 1040
Transfer 387 7 1372
Transfer 62 81 1946
Transfer 115 66 484
Transfer 267 37 641
Transfer 387 286 1522
Transfer 290 216 1118
Transfer 56 198 934
Transfer 211 69 1041
Transfer 389 208 1761
Transfer 240 343 1868
Transfer 144 335 2349
Transfer 218 221 437
Transfer 28 261 1668
Transfer 47 377 1576
Transfer 109 384 801
Transfer 385 185 2049
Transfer 293 30 1130
Transfer 166 281 1017
Transfer 257 290 1404
Transfer 318 67 1251
Transfer 188 315 1553
Transfer 374 319 1771
Transfer 32 183 1713
Transfer 200 57 887
Transfer 174 81 2403
Transfer 356 235 627
Transfer 240 175 441
Transfer 339 320 546
Transfer 163 358 2194
Transfer 104 308 1413
Transfer 80 395 1471
Transfer 48 132 1843
Transfer 239 336 235
Transfer 253 17 252
Transfer 102 388 247
Transfer 204 369 1339
Transfer 303 394 2395
Transfer 264 381 270
Transfer 353 26 1247
Transfer 350 69 2157
Transfer 171 284 298
Transfer 310 337 1181
Transfer 165 371 85
Transfer 327 248 1014
Transfer 370 151 9
Transfer 287 30 2474
Transfer 99 25 444
Transfer 335 271 1356
Transfer 143 60 787
Transfer 54 199 1802
Transfer 288 235 1801
Transfer 110 258 24
Transfer 118 107 563
Transfer 188 217 492
Transfer 170 53 1702
Transfer 221 111 522
Transfer 396 237 930
Transfer 123 71 2474
Transfer 303 93 1588
Transfer 234 94 1736
Transfer 146 168 47
Transfer 118 167 2218
Transfer 10 120 569
Transfer 231 205 290
Transfer 365 159 1061
Transfer 102 82 103
Transfer 253 294 1815
Transfer 250 18 1267
Transfer 197 194 2085
Transfer 45 336 1024
Transfer 366 187 1577
Transfer 252 398 1376
Transfer 153 312 2098
Transfer 319 139 1781
Transfer 7 82 1048
Transfer 366 57 436
Transfer 61 138 2382
Transfer 253 195 1188
Transfer 144 364 968
Transfer 13 34 98
Transfer 161 45 160
Transfer 272 287 1035
Transfer 41 360 2008
Transfer 190 313 200
Transfer 112 274 2104
Transfer 373 366 330
Transfer 235 2 922
Transfer 199 251 225
Transfer 265 315 2273
Transfer 84 233 1518
Transfer 335 30 1971
Transfer 239 25 1677
Transfer 95 358 284
Transfer 14 70 115
Transfer 250 9 1750
Transfer 369 150 758
Transfer 164 75 1572
Transfer 333 154 1743
Transfer 295 118 627
Transfer 373 330 2085
Transfer 326 370 523
Transfer 78 362 1391
Transfer 306 8 2208
Transfer 267 21 1412
Transfer 52 199 192
Transfer 37 222 1456
Transfer 216 277 2262
Transfer 325 67 172
Transfer 346 260 2100
Transfer 319 215 1284
Transfer 396 129 2252
Transfer 115 279 2262
Transfer 339 275 709
Transfer 230 322 759
Transfer 57 250 578
Transfer 22 333 1419
Transfer 16 210 246
Transfer 90 28 1052
Transfer 65 146 1291
Transfer 91 48 1306
Transfer 384 386 85
Transfer 321 161 308
Transfer 300 186 1258
Transfer 217 235 1297
Transfer 372 117 295
Transfer 115 370 99
Transfer 235 4 1745
Transfer 123 332 1807
Transfer 150 81 2138
Transfer 29 268 49
Transfer 333 82 1695
Transfer 185 117 1232
Transfer 138 370 1216
Transfer 389 244 506
Transfer 133 226 1321
Transfer 344 11 2008
Transfer 210 55 1897
Transfer 239 27 369
Transfer 74 125 2281
Transfer 182 334 2344
Transfer 170 359 1046
Transfer 205 43 892
Transfer 266 12 1879
Transfer 235 172 2078
Transfer 311 369 2044
Transfer 60 192 1470
Transfer 362 299 2361
Transfer 380 166 512
Transfer 54 268 1382
Transfer 82 132 834
Transfer 133 383 344
Transfer 337 256 705
Transfer 146 64 391
Transfer 164 223 1574
Transfer 80 106 1785
Transfer 155 159 1592
Transfer 373 316 235
Transfer 76 388 2026
Transfer 105 326 1132
Transfer 69 285 2479
Transfer 264 280 344
Transfer 191 34 1064
Transfer 184 284 2128
Transfer 78 348 2359
Transfer 101 353 1706
Transfer 82 161 1971
Transfer 198 194 1903
Transfer 376 292 490
Transfer 37 304 1554
Transfer 315 322 2289
Transfer 63 188 762
Transfer 278 250 2174
Transfer 223 106 1368
Transfer 210 85 764
Transfer 280 5 2014
Transfer 22 133 499
Transfer 320 39 63
Transfer 361 262 2315
Transfer 338 153 186
Transfer 367 360 1800
Transfer 140 371 542
Transfer 118 334 1443
Transfer 138 80 2266
Transfer 96 293 744
Transfer 188 268 2288
Transfer 166 134 726
Transfer 299 294 996
Transfer 66 258 702
Transfer 114 45 2310
Transfer 227 118 1797
Transfer 2 48 958
Transfer 160 297 639
Transfer 207 80 215
Transfer 244 55 2451
Transfer 151 94 976
Transfer 41 229 883
Transfer 363 278 2080
Transfer 84 26 7
Transfer 195 144 194
Transfer 41 228 454
Transfer 337 234 468
Transfer 390 217 541
Transfer 112 98 1362
Transfer 260 142 166
Transfer 170 349 1443
Transfer 325 300 1546
Transfer 17 254 2004
Transfer 375 107 1686
Transfer 327 142 1944
Transfer 96 369 367
Transfer 222 196 2238
Transfer 258 381 2211
Transfer 260 236 14
Transfer 393 184 2248
Transfer 257 319 232
Transfer 286 248 1374
Transfer 102 225 1307
Transfer 144 226 1647
Transfer 349 83 413
Transfer 106 153 2002
Transfer 339 144 1681
Transfer 369 367 2133
Transfer 104 60 1041
Transfer 150 310 2225
Transfer 368 252 540
Transfer 103 92 171
Transfer 302 25 110
Transfer 217 100 2241
Transfer 117 76 356
Transfer 400 63 1965
Transfer 108 240 36
Transfer 175 144 592
Transfer 139 337 1902
Transfer 153 2 998
Transfer 148 67 956
Transfer 95 237 71
Transfer 116 398 1155
Transfer 261 329 2297
Transfer 241 147 1849
Transfer 74 365 2289
Transfer 7 318 2469
Transfer 88 99 1319
Transfer 163 59 288
Transfer 13 270 2040
Transfer 348 158 1672
Transfer 168 323 2208
Transfer 269 368 2212
Transfer 289 337 877
Transfer 99 346 765
Transfer 195 157 2303
Transfer 183 278 197
Transfer 75 147 567
Transfer 221 358 1501
Transfer 333 230 363
Transfer 232 298 199
Transfer 43 155 1990
Transfer 71 397 2149
Transfer 7 275 2357
Transfer 251 353 579
Transfer 84 319 2001
Transfer 232 281 1767
Transfer 76 250 2255
Transfer 215 37 952
Transfer 122 163 14
Transfer 137 73 2214
Transfer 250 270 412
Transfer 365 298 963
Transfer 322 190 2126
Transfer 21 181 2352
Transfer 162 123 575
Transfer 349 390 1334
Transfer 271 161 717
Transfer 270 76 1985
Transfer 216 399 2261
Transfer 168 94 694
Transfer 318 323 236
Transfer 369 258 1925
Transfer 114 180 1947
Transfer 152 344 2377
Transfer 336 188 2284
Transfer 103 361 863
Transfer 357 221 465
Transfer 86 165 2135
Transfer 135 143 485
Transfer 230 199 1698
Transfer 4 256 2357
Transfer 48 305 1597
Transfer 392 174 2394
Transfer 99 95 2309
Transfer 200 392 1797
Transfer 362 271 628
Transfer 83 212 1048
Transfer 82 199 119
Transfer 61 366 1260
Transfer 293 156 913
Transfer 167 111 1133
Transfer 309 345 493
Transfer 184 270 784
Transfer 227 213 1125
Transfer 169 80 2115
Transfer 195 90 217
Transfer 89 231 626
Transfer 28 252 2463
Transfer 338 154 226
Transfer 97 344 224
Transfer 259 276 1994
Transfer 392 394 2396
Transfer 257 108 2353
Transfer 257 198 515
Transfer 285 164 1774
Transfer 16 141 671
Transfer 32 376 1476
Transfer 125 315 80
Transfer 344 315 2292
Transfer 163 264 2036
Transfer 140 67 444
Transfer 29 1 1371
Transfer 30 53 528
Transfer 114 34 239
Transfer 62 366 233
Transfer 399 177 638
Transfer 96 116 1305
Transfer 255 352 326
Transfer 1 4 258
Transfer 168 117 1093
Transfer 378 25 2293
Transfer 234 78 2412
Transfer 40 335 902
Transfer 108 268 1339
Transfer 38 327 1491
Transfer 260 26 2045
Transfer 303 72 2325
Transfer 234 301 1629
Transfer 24 105 1608
Transfer 115 386 2438
Transfer 169 75 136
Transfer 176 153 671
Transfer 329 295 1105
Transfer 118 71 868
Transfer 337 280 196
Transfer 300 278 1766
Transfer 29 332 1627
Transfer 19 263 1273
Transfer 118 329 1027
Transfer 141 32 573
Transfer 314 227 406
Transfer 257 57 962
Transfer 209 59 753
Transfer 68 232 624
Transfer 250 143 1840
Transfer 15 118 1860
Transfer 273 30 211
Transfer 344 251 1585
Transfer 349 87 460
Transfer 137 213 1773
Transfer 286 258 1228
Transfer 51 88 2322
Transfer 189 316 772
Transfer 180 193 1175
Transfer 99 173 1297
Transfer 75 346 141
Transfer 392 95 1411
Transfer 185 219 937
Transfer 243 308 79
Transfer 342 379 2126
Transfer 203 36 2487
Transfer 245 156 1083
Transfer 369 251 227
Transfer 89 15 2027
Transfer 217 218 427
Transfer 383 134 398
Transfer 176 118 1235
Transfer 272 121 1787
Transfer 29 254 291
Transfer 251 357 744
Transfer 95 314 1621
Transfer 319 327 743
Transfer 193 169 2002
Transfer 281 101 406
Transfer 399 279 1782
Transfer 194 313 168
Transfer 387 365 1238
Transfer 180 129 881
Transfer 397 338 1388
Transfer 118 117 11
Transfer 192 93 181
Transfer 349 158 971
Transfer 234 241 492
Transfer 62 2 341
Transfer 349 372 904
Transfer 367 30 1771
Transfer 44 175 508
Transfer 58 223 1957
Transfer 45 116 792
Transfer 276 76 811
Transfer 90 184 2154
Transfer 66 117 1724
Transfer 93 23 983
Transfer 273 68 2394
Transfer 120 161 481
Transfer 344 39 285
Transfer 96 354 1869
Transfer 271 48 1605
Transfer 268 280 11
Transfer 53 392 2118
Transfer 235 47 1794
Transfer 221 330 1954
Transfer 32 224 1684
Transfer 103 114 1678
Transfer 292 185 1421
Transfer 128 39 2180
Transfer 161 76 361
Transfer 338 270 1576
Transfer 92 258 515
Transfer 370 369 991
Transfer 321 306 1273
Transfer 54 206 1326
Transfer 299 63 1306
Transfer 336 305 1213
Transfer 51 9 1037
Transfer 177 395 1654
Transfer 22 88 1368
Transfer 205 374 1851
Transfer 178 319 103
Transfer 169 263 668
Transfer 324 55 110
Transfer 290 101 1730
Transfer 205 43 1051
Transfer 26 262 2325
Transfer 121 253 1735
Transfer 313 260 1632
Transfer 188 341 2152
Transfer 131 246 2042
Transfer 400 211 918
Transfer 348 17 713
Transfer 1 54 1670
Transfer 148 283 1575
Transfer 82 366 1920
Transfer 57 154 2389
Transfer 106 245 250
Transfer 380 357 1856
Transfer 232 100 2170
Transfer 280 99 123
Transfer 117 238 306
Transfer 52 365 292
Transfer 23 139 1342
Transfer 132 85 685
Transfer 197 183 2231
Transfer 325 28 802
Transfer 341 240 2210
Transfer 328 60 2366
Transfer 170 359 1262
Transfer 301 210 1054
Transfer 225 346 1648
Transfer 400 152 1460
Transfer 140 297 269
Transfer 58 237 576
Transfer 106 161 1021
Transfer 90 7 921
Transfer 139 378 1617
Transfer 225 219 706
Transfer 91 183 526
Transfer 387 245 404
Transfer 228 129 443
Transfer 175 119 790
Transfer 190 296 546
Transfer 245 352 2303
Transfer 278 359 815
Transfer 290 340 1934
Transfer 332 178 2161
Transfer 208 301 639
Transfer 334 346 1016
Transfer 34 309 624
Transfer 173 174 952
Transfer 158 9 1252
Transfer 47 192 2190
Transfer 24 128 2077
Transfer 263 368 2431
Transfer 178 176 326
Transfer 204 76 2372
Transfer 340 204 2236
Transfer 137 381 1889
Transfer 261 252 1934
Transfer 380 166 1847
Transfer 351 133 1635
Transfer 36 225 2459
Transfer 201 230 1080
Transfer 313 209 1578
Transfer 306 112 1576
Transfer 184 400 1797
Transfer 251 325 735
Transfer 284 46 1385
Transfer 67 109 951
Transfer 209 380 2142
Transfer 223 280 1268
Transfer 42 147 65
Transfer 104 396 1503
Transfer 212 172 1437
Transfer 144 360 2401
Transfer 380 219 2141
Transfer 340 56 1016
Transfer 72 2 2107
Transfer 220 297 268
Transfer 372 200 1001
Transfer 7 95 1266
Transfer 84 240 1404
Transfer 186 316 849
Transfer 12 95 2457
Transfer 253 134 2001
Transfer 364 242 857
Transfer 201 16 1745
Transfer 339 293 1210
Transfer 266 108 1641
Transfer 162 169 2016
Transfer 172 278 2494
Transfer 385 99 1194
Transfer 337 244 2463
Transfer 104 210 2139
Transfer 123 80 861
Transfer 218 31 1763
Transfer 243 286 2474
Transfer 69 386 198
Transfer 103 274 2164
Transfer 270 159 337
Transfer 241 343 345
Transfer 104 20 239
Transfer 154 92 890
Transfer 47 298 1089
Transfer 14 298 593
Transfer 68 220 342
Transfer 15 104 2468
Transfer 144 343 2378
Transfer 179 217 203
Transfer 199 44 1827
Transfer 293 11 381
Transfer 348 225 1780
Transfer 268 399 2008
Transfer 309 125 2211
Transfer 279 34 1568
Transfer 219 113 661
Transfer 390 52 294
Transfer 23 122 1008
Transfer 129 382 1915
Transfer 91 323 1012
Transfer 204 386 2254
Transfer 379 388 2299
Transfer 83 170 2096
Transfer 9 395 1947
Transfer 52 225 595
Transfer 358 23 1968
Transfer 155 113 523
Transfer 67 293 2356
Transfer 327 376 523
Transfer 213 322 782
Transfer 382 146 1050
Transfer 46 288 645
Transfer 103 3 2276
Transfer 57 399 1199
Transfer 272 268 594
Transfer 388 154 2222
Transfer 84 287 1995
Transfer 351 2 30
Transfer 326 252 1599
Transfer 337 238 1534
Transfer 367 339 1232
Transfer 103 112 2019
Transfer 155 111 750
Transfer 8 247 2370
Transfer 214 85 9
Transfer 46 312 617
Transfer 310 131 333
Transfer 374 163 301
Transfer 315 105 2262
Transfer 280 326 419
Transfer 91 234 618
Transfer 32 109 1133
Transfer 311 286 1630
Transfer 319 366 420
Transfer 343 200 233
Transfer 78 55 50
Transfer 173 189 581
Transfer 294 25 581
Transfer 146 336 1331
Transfer 85 289 1070
Transfer 1 159 2035
Transfer 285 369 412
Transfer 236 238 139
Transfer 270 358 17
Transfer 345 169 210
Transfer 30 272 869
Transfer 9 334 2168
Transfer 22 302 2385
Transfer 332 112 2134
Transfer 167 29 1198
Transfer 3 106 1285
Transfer 117 246 2233
Transfer 8 274 2029
Transfer 304 223 417
Transfer 204 54 919
Transfer 298 399 2467
Transfer 124 373 782
Transfer 29 311 1651
Transfer 16 367 1171
Transfer 385 108 730
Transfer 249 395 71
Transfer 219 277 368
Transfer 297 3 733
Transfer 110 237 595
Transfer 373 22 1871
Transfer 196 396 1222
Transfer 239 47 120
Transfer 25 184 566
Transfer 131 191 1004
Transfer 149 121 612
Transfer 384 167 2408
Transfer 215 229 1422
Transfer 171 170 2019
Transfer 27 271 794
Transfer 187 184 2487
Transfer 279 151 2228
Transfer 58 34 953
Transfer 280 69 2297
Transfer 259 27 269
Transfer 363 53 2242
Transfer 111 331 2399
Transfer 31 136 1050
Transfer 72 183 1834
Transfer 180 45 1838
Transfer 96 27 979
Transfer 18 323 2008
Transfer 351 147 1563
Transfer 34 266 1810
Transfer 277 184 1808
Transfer 320 310 80
Transfer 103 33 945
Transfer 300 170 209
Transfer 215 204 1776
Transfer 248 21 2226
Transfer 345 246 861
Transfer 331 355 2500
Transfer 11 70 1585
Transfer 32 285 652
Transfer 66 114 1041
Transfer 247 318 1554
Transfer 108 152 232
Transfer 240 64 729
Transfer 185 281 1610
Transfer 258 114 501
Transfer 171 24 882
Transfer 236 345 664
Transfer 60 367 1213
Transfer 14 69 592
Transfer 199 125 222
Transfer 164 24 2087
Transfer 273 211 1157
Transfer 331 134 975
Transfer 269 282 83
Transfer 287 248 318
Transfer 24 114 1780
Transfer 365 68 1350
Transfer 127 197 1512
Transfer 395 72 2287
Transfer 31 261 1849
Transfer 263 139 1144
Transfer 359 16 115
Transfer 78 224 1141
Transfer 296 261 2297
Transfer 352 310 2245
Transfer 156 189 161
Transfer 249 297 961
Transfer 161 381 1637
Transfer 351 279 2111
Transfer 168 114 2172
Transfer 52 154 1577
Transfer 98 374 2170
Transfer 104 137 669
Transfer 228 222 1059
Transfer 10 317 2474
Transfer 188 116 1744
Transfer 232 383 256
Transfer 159 71 1226
Transfer 213 239 154
Transfer 257 117 2214
Transfer 391 3 369
Transfer 354 190 786
Transfer 104 352 731
Transfer 130 11 2255
Transfer 148 239 1224
Transfer 57 188 1423
Transfer 351 262 1729
Transfer 359 130 2447
Transfer 252 161 207
Transfer 372 133 17
Transfer 124 324 1734
Transfer 64 272 1060
Transfer 293 366 406
Transfer 362 50 1258
Transfer 256 397 842
Transfer 3 305 1191
Transfer 395 23 402
Transfer 292 37 867
Transfer 24 208 812
Transfer 370 82 317
Transfer 397 52 56
Transfer 325 251 129
Transfer 177 37 1497
Transfer 28 105 1449
Transfer 328 352 1334
Transfer 234 277 692
Transfer 178 393 2129
Transfer 106 100 1401
Transfer 235 252 492
Transfer 240 272 1007
Transfer 386 353 2073
Transfer 102 57 2420
Transfer 297 26 1727
Transfer 117 26 1953
Transfer 7 111 1210
Transfer 255 304 890
Transfer 105 142 1604
Transfer 339 237 1974
Transfer 198 99 946
Transfer 16 75 1593
Transfer 82 315 713
Transfer 224 335 1975
Transfer 372 1 257
Transfer 211 90 2210
Transfer 237 124 1365
Transfer 142 284 792
Transfer 31 314 1823
Transfer 123 357 2030
Transfer 181 322 893
Transfer 79 376 375
Transfer 391 311 237
Transfer 67 239 1404
Transfer 152 154 832
Transfer 204 293 439
Transfer 149 172 189
Transfer 60 294 777
Transfer 8 394 1653
Transfer 79 116 2213
Transfer 299 159 392
Transfer 183 206 588
Transfer 234 156 1245
Transfer 340 14 1299
Transfer 190 287 2053
Transfer 58 289 1571
Transfer 354 97 574
Transfer 74 183 176
Transfer 307 331 1606
Transfer 315 234 1604
Transfer 101 213 587
Transfer 17 387 1764
Transfer 97 207 750
Transfer 349 5 2154
Transfer 88 273 1483
Transfer 254 274 840
Transfer 127 282 700
Transfer 83 338 1870
Transfer 58 162 992
Transfer 183 399 284
Transfer 124 41 1016
Transfer 390 275 1956
Transfer 121 180 1142
Transfer 241 42 197
Transfer 263 377 875
Transfer 56 264 417
Transfer 316 67 2157
Transfer 201 310 1536
Transfer 86 385 527
Transfer 344 291 1730
Transfer 372 153 1190
Transfer 363 340 1514
Transfer 115 49 369
Transfer 171 390 678
Transfer 396 379 1891
Transfer 165 59 1303
Transfer 176 292 1433
Transfer 59 343 1851
Transfer 115 139 1904
Transfer 15 200 1801
Transfer 314 61 159
Transfer 211 253 484
Transfer 9 172 1924
Transfer 100 91 2436
Transfer 96 328 491
Transfer 326 268 494
Transfer 2 349 310
Transfer 44 60 2427
Transfer 43 362 1050
Transfer 38 370 560
Transfer 9 123 466
Transfer 242 74 1591
Transfer 225 165 1589
Transfer 314 75 1495
Transfer 129 210 1378
Transfer 336 136 2061
Transfer 226 330 2224
Transfer 390 113 2242
Transfer 257 350 2190
Transfer 292 274 1105
Transfer 97 24 878
Transfer 221 180 483
Transfer 100 143 374
Transfer 76 183 1969
Transfer 319 192 1500
Transfer 273 111 1481
Transfer 214 313 1664
Transfer 393 255 1111
Transfer 46 261 810
Transfer 104 9 995
Transfer 21 195 2192
Transfer 348 22 291
Transfer 38 276 2012
Transfer 248 148 738
Transfer 256 174 755
Transfer 220 118 808
Transfer 150 145 1933
Transfer 298 372 137
Transfer 249 67 183
Transfer 201 232 639
Transfer 290 390 325
Transfer 259 280 1374
Transfer 43 75 1329
Transfer 35 52 1899
Transfer 270 156 196
Transfer 265 25 339
Transfer 114 175 1478
Transfer 348 123 1803
Transfer 327 281 2381
Transfer 90 25 1926
Transfer 28 59 665
Transfer 371 231 813
Transfer 162 383 532
Transfer 216 326 599
Transfer 283 284 2463
Transfer 30 210 475
Transfer 215 367 1972
Transfer 291 370 465
Transfer 198 148 895
Transfer 182 188 765
Transfer 126 16 1390
Transfer 217 249 861
Transfer 234 177 910
Transfer 5 42 849
Transfer 355 284 2422
Transfer 337 3 1865
Transfer 100 281 1835
Transfer 257 67 1845
Transfer 63 374 1273
Transfer 168 228 1600
Transfer 176 232 1658
Transfer 334 139 804
Transfer 308 252 2109
Transfer 150 152 689
Transfer 255 69 2150
Transfer 227 299 359
Transfer 96 136 1264
Transfer 377 89 1005
Transfer 308 41 910
Transfer 259 283 2090
Transfer 100 231 61
Transfer 48 89 99
Transfer 81 144 719
Transfer 199 360 851
Transfer 366 113 1483
Transfer 363 330 653
Transfer 79 97 1942
Transfer 264 146 2249
Transfer 48 344 2129
Transfer 132 282 742
Transfer 76 72 1293
Transfer 25 128 16
Transfer 273 282 2412
Transfer 139 94 1748
Transfer 193 390 541
Transfer 392 151 2185
Transfer 304 92 2078
Transfer 44 202 1145
Transfer 81 255 1615
Transfer 219 56 2127
Transfer 343 187 403
Transfer 230 123 795
Transfer 93 284 421
Transfer 284 277 1893
Transfer 307 300 1013
Transfer 287 119 2175
Transfer 375 161 297
Transfer 152 191 1001
Transfer 21 61 2372
Transfer 398 373 1452
Transfer 64 126 2303
Transfer 350 93 680
Transfer 3 234 712
Transfer 150 328 1177
Transfer 279 27 2435
Transfer 224 380 32
Transfer 154 19 1003
Transfer 173 177 132
Transfer 198 239 773
Transfer 69 149 1310
Transfer 25 138 1875
Transfer 255 11 894
Transfer 108 346 835
Transfer 58 101 1926
Transfer 176 236 1749
Transfer 21 209 1153
Transfer 109 19 2404
Transfer 7 249 1977
Transfer 176 40 2016
Transfer 389 335 957
Transfer 108 243 1330
Transfer 208 79 1939
Transfer 349 25 1388
Transfer 71 231 658
Transfer 24 339 2000
Transfer 357 355 801
Transfer 399 87 2300
Transfer 15 357 1126
Transfer 150 309 1494
Transfer 198 335 537
Transfer 338 280 1028
Transfer 44 100 2082
Transfer 265 339 133
Transfer 289 237 924
Transfer 218 251 2420
Transfer 163 73 1658
Transfer 127 199 911
Transfer 13 121 177
Transfer 67 236 1480
Transfer 250 78 418
Transfer 273 57 1188
Transfer 364 208 1714
Transfer 33 339 60
Transfer 210 202 1642
Transfer 138 24 1339
Transfer 274 12 1123
Transfer 69 34 1989
Transfer 282 359 1330
Transfer 255 362 625
Transfer 144 110 922
Transfer 2 78 412
Transfer 221 201 1409
Transfer 189 294 160
Transfer 154 56 1585
Transfer 299 214 1372
Transfer 273 54 2102
Transfer 152 341 2075
Transfer 151 114 916
Transfer 49 380 392
Transfer 185 324 1914
Transfer 396 226 1484
Transfer 299 249 166
Transfer 241 376 1455
Transfer 29 259 298
Transfer 108 278 1521
Transfer 322 254 126
Transfer 250 108 1529
Transfer 80 331 807
Transfer 32 141 56
Transfer 231 5 1227
Transfer 186 46 1707
Transfer 93 341 1568
Transfer 189 44 894
Transfer 173 300 1137
Transfer 308 270 2400
Transfer 160 318 1927
Transfer 27 314 735
Transfer 136 139 1177
Transfer 58 145 224
Transfer 220 139 623
Transfer 259 128 1641
Transfer 324 296 796
Transfer 103 351 374
Transfer 279 270 1750
Transfer 391 80 1595
Transfer 196 29 2269
Transfer 379 115 1125
Transfer 199 227 1868
Transfer 184 187 611
Transfer 47 250 98
Transfer 7 4 2456
Transfer 38 154 378
Transfer 354 334 455
Transfer 340 371 179
Transfer 293 98 1959
Transfer 69 123 1176
Transfer 229 194 2281
Transfer 324 295 2177
Transfer 363 34 260
Transfer 332 382 1606
Transfer 98 319 1143
Transfer 278 239 2271
Transfer 360 171 1819
Transfer 138 34 1915
Transfer 158 139 667
Transfer 313 117 1005
Transfer 177 32 904
Transfer 9 149 886
Transfer 367 126 1731
Transfer 12 102 1433
Transfer 264 323 1771
Transfer 296 333 763
Transfer 360 226 741
Transfer 317 316 1799
Transfer 105 256 2032
Transfer 156 70 1698
Transfer 6 110 1559
Transfer 129 99 1447
Transfer 391 230 1567
Transfer 180 110 493
Transfer 110 135 1751
Transfer 248 373 1733
Transfer 351 253 1615
Transfer 204 327 570
Transfer 352 243 710
Transfer 171 145 1440
Transfer 97 43 177
Transfer 327 148 30
Transfer 285 352 2201
Transfer 345 186 562
Transfer 34 331 519
Transfer 115 175 2112
Transfer 25 203 481
Transfer 59 183 454
Transfer 351 399 1056
Transfer 315 178 1651
Transfer 174 6 319
Transfer 105 349 1043
Transfer 54 172 1687
Transfer 251 328 1182
Transfer 330 285 1290
Transfer 314 228 2294
Transfer 219 194 2287
Transfer 398 368 2278
Transfer 282 215 849
Transfer 158 46 2234
Transfer 253 355 465
Transfer 245 330 163
Transfer 372 195 38
Transfer 107 376 215
Transfer 35 62 532
Transfer 400 9 1765
Transfer 124 230 1697
Transfer 377 231 1907
Transfer 270 340 1562
Transfer 309 391 2448
Transfer 116 24 912
Transfer 158 375 901
Transfer 381 36 808
Transfer 297 394 1711
Transfer 55 219 358
Transfer 15 279 2159
Transfer 28 267 593
Transfer 370 338 1614
Transfer 339 42 2346
Transfer 269 70 2459
Transfer 393 297 942
Transfer 273 195 487
Transfer 182 61 1699
Transfer 133 335 715
Transfer 162 17 2100
Transfer 170 144 1028
Transfer 377 246 2097
Transfer 317 25 1911
Transfer 194 141 1949
Transfer 309 150 505
Transfer 355 393 2454
Transfer 101 37 768
Transfer 216 218 146
Transfer 6 199 2235
Transfer 174 75 1762
Transfer 221 123 192
Transfer 250 47 1797
Transfer 319 231 164
Transfer 164 163 2309
Transfer 343 66 2129
Transfer 328 185 1846
Transfer 73 97 79
Transfer 239 123 958
Transfer 355 356 1419
Transfer 134 166 1702
Transfer 276 197 2216
Transfer 155 251 1444
Transfer 223 361 1589
Transfer 208 45 2404
Transfer 279 397 696
Transfer 156 138 320
Transfer 339 348 149
Transfer 120 118 1711
Transfer 370 203 2454
Transfer 329 300 290
Transfer 284 175 2138
Transfer 363 77 1367
Transfer 193 338 2354
Transfer 85 73 1367
Transfer 263 246 42
Transfer 198 45 2316
Transfer 385 91 538
Transfer 265 69 2446
Transfer 311 195 688
Transfer 206 280 1093
Transfer 370 134 1115
Transfer 321 146 1122
Transfer 246 156 412
Transfer 75 13 1780
Transfer 204 43 184
Transfer 242 51 1544
Transfer 302 346 2333
Transfer 149 361 1078
Transfer 321 358 157
Transfer 120 182 686
Transfer 344 338 1100
Transfer 330 188 198
Transfer 222 14 62
Transfer 371 174 2171
Transfer 104 338 1747
Transfer 313 18 2289
Transfer 179 325 2076
Transfer 67 174 2318
Transfer 181 231 1870
Transfer 360 21 1598
Transfer 105 8 514
Transfer 237 342 1038
Transfer 255 363 13
Transfer 314 400 1251
Transfer 76 63 1350
Transfer 120 304 1401
Transfer 189 5 225
Transfer 373 202 1930
Transfer 93 387 613
Transfer 224 130 644
Transfer 114 89 578
Transfer 396 386 1430
Transfer 384 398 1917
Transfer 120 160 369
Transfer 335 264 478
Transfer 265 72 156
Transfer 67 79 957
Transfer 317 172 1513
Transfer 345 346 94
Transfer 186 184 1383
Transfer 283 108 1863
Transfer 4 305 299
Transfer 152 312 230
Transfer 58 3 812
Transfer 100 243 1190
Transfer 332 397 2443
Transfer 185 362 1266
Transfer 236 154 604
Transfer 19 4 449
Transfer 26 384 935
Transfer 311 59 439
Transfer 2 62 187
Transfer 23 278 250
Transfer 115 340 1499
Transfer 398 377 2254
Transfer 193 223 268
Transfer 110 176 433
Transfer 235 44 1505
Transfer 49 373 119
Transfer 145 307 1644
Transfer 91 354 2223
Transfer 241 16 280
Transfer 45 281 2459
Transfer 121 310 629
Transfer 171 389 2137
Transfer 380 377 2398
Transfer 122 16 231
Transfer 246 71 1029
Transfer 396 71 479
Transfer 367 251 836
Transfer 338 101 1839
Transfer 22 281 2043
Transfer 343 281 856
Transfer 185 6 1827
Transfer 278 6 375
Transfer 126 232 1359
Transfer 264 355 2266
Transfer 155 73 1370
Transfer 350 272 2238
Transfer 98 360 91
Transfer 234 161 2294
Transfer 345 213 1423
Transfer 63 380 2199
Transfer 253 364 1330
Transfer 151 105 779
Transfer 214 115 1312
Transfer 101 140 1699
Transfer 123 192 236
Transfer 282 123 781
Transfer 37 289 1489
Transfer 347 393 995
Transfer 283 172 372
Transfer 67 114 150
Transfer 87 26 122
Transfer 351 172 2287
Transfer 176 51 1629
Transfer 282 323 147
Transfer 198 77 816
Transfer 150 157 1151
Transfer 324 200 2456
Transfer 315 223 153
Transfer 77 83 2109
Transfer 161 158 784
Transfer 186 60 1745
Transfer 55 238 1221
Transfer 161 377 264
Transfer 258 387 1961
Transfer 187 88 163
Transfer 381 90 1762
Transfer 288 318 1805
Transfer 22 363 1877
Transfer 42 196 202
Transfer 202 4 1877
Transfer 251 257 1788
Transfer 221 91 2365
Transfer 52 112 2124
Transfer 197 329 121
Transfer 68 46 686
Transfer 104 211 1176
Transfer 237 111 1048
Transfer 355 66 2349
Transfer 309 52 2091
Transfer 295 29 975
Transfer 398 205 1403
Transfer 90 79 2285
Transfer 295 321 264
Transfer 342 228 642
Transfer 360 207 1348
Transfer 249 206 1365
Transfer 36 117 2182
Transfer 166 7 1752
Transfer 383 287 174
Transfer 13 206 1174
Transfer 215 118 1403
Transfer 261 381 1676
Transfer 206 24 628
Transfer 278 149 959
Transfer 88 393 1004
Transfer 54 60 299
Transfer 46 329 319
Transfer 348 104 753
Transfer 298 192 1293
Transfer 123 173 337
Transfer 3 171 540
Transfer 202 158 1376
Transfer 301 339 473
Transfer 29 228 1369
Transfer 180 302 1934
Transfer 227 291 60
Transfer 24 327 398
Transfer 259 254 2370
Transfer 6 111 1468
Transfer 223 9 1999
Transfer 390 335 550
Transfer 305 160 338
Transfer 198 249 1983
Transfer 318 308 1002
Transfer 378 375 1764
Transfer 67 250 1077
Transfer 73 319 1478
Transfer 78 154 1956
Transfer 384 114 202
Transfer 294 122 1796
Transfer 217 350 2115
Transfer 264 94 1171
Transfer 290 235 1525
Transfer 327 53 2388
Transfer 17 66 219
Transfer 181 117 1755
Transfer 267 58 1309
Transfer 60 49 1176
Transfer 143 194 2215
Transfer 100 299 326
Transfer 353 345 1702
Transfer 142 226 1655
Transfer 387 369 1795
Transfer 382 123 1886
Transfer 211 104 701
Transfer 245 115 732
Transfer 5 395 166
Transfer 140 100 222
Transfer 17 83 1827
Transfer 358 247 239
Transfer 67 175 1385
Transfer 41 299 925
Transfer 78 45 1417
Transfer 341 120 1495
Transfer 250 84 614
Transfer 29 372 1877
Transfer 88 85 2047
Transfer 46 81 1966
Transfer 105 292 901
Transfer 382 18 1379
Transfer 213 327 738
Transfer 152 22 2255
Transfer 108 100 2310
Transfer 152 289 1438
Transfer 296 261 639
Transfer 223 224 820
Transfer 383 115 737
Transfer 111 128 2147
Transfer 188 30 1024
Transfer 400 176 189
Transfer 6 72 709
Transfer 277 102 14
Transfer 46 151 1107
Transfer 174 193 532
Transfer 78 234 1807
Transfer 232 101 1983
Transfer 110 80 1256
Transfer 366 268 1182
Transfer 202 163 101
Transfer 342 18 1685
Transfer 4 263 1939
Transfer 62 102 687
Transfer 381 152 217
Transfer 361 75 126
Transfer 200 234 1167
Transfer 172 278 899
Transfer 168 232 2392
Transfer 23 14 574
Transfer 363 273 2345
Transfer 355 207 612
Transfer 128 137 1796
Transfer 293 82 9
Transfer 169 374 1109
Transfer 22 210 128
Transfer 176 289 289
Transfer 10 383 196
Transfer 239 281 897
Transfer 59 52 1333
Transfer 335 175 192
Transfer 144 338 1904
Transfer 259 168 1367
Transfer 142 328 221
Transfer 34 109 2180
Transfer 166 230 708
Transfer 223 204 2022
Transfer 170 185 558
Transfer 71 315 1414
Transfer 390 287 894
Transfer 234 100 659
Transfer 292 300 347
Transfer 50 264 1966
Transfer 233 349 1316
Transfer 147 305 318
Transfer 59 365 563
Transfer 10 91 1118
Transfer 361 151 644
Transfer 149 73 1172
Transfer 116 163 497
Transfer 199 361 2414
Transfer 67 347 2046
Transfer 11 159 1870
Transfer 174 148 820
Transfer 370 43 2444
Transfer 303 329 1339
Transfer 283 123 1131
Transfer 399 121 1868
Transfer 22 285 1621
Transfer 393 123 2090
Transfer 9 86 1579
Transfer 304 132 2298
Transfer 263 221 1421
Transfer 396 334 651
Transfer 150 332 2338
Transfer 351 197 1902
Transfer 348 113 258
Transfer 221 142 1029
Transfer 92 150 1936
Transfer 292 58 1331
Transfer 22 376 1566
Transfer 303 293 2
Transfer 389 174 1740
Transfer 241 115 895
Transfer 169 122 865
Transfer 43 171 779
Transfer 13 139 1719
Transfer 258 218 284
Transfer 371 361 2187
Transfer 398 197 69
Transfer 77 256 841
Transfer 389 115 1881
Transfer 144 91 1308
Transfer 230 89 197
Transfer 52 371 793
Transfer 270 204 2467
Transfer 101 203 380
Transfer 323 218 1237
Transfer 378 150 1773
Transfer 139 285 663
Transfer 333 93 1074
Transfer 365 305 1119
Transfer 317 236 1601
